[0 1 2 3 4 5 6 7 8 10 11 12 13 14 15 16 17 18 19]
[0 1 2 3 4 5 6 7 8 10 11 12 13 14 16 17 18 19]
[0 1 2 3 4 6 7 8 10 11 12 13 14 16 17 18 19]
[0 1 2 3 4 6 7 8 11 12 13 14 16 17 18 19]
[0 1 2 3 4 6 7 8 11 12 13 14 17 18 19]
[0 1 2 3 4 6 7 8 12 13 14 17 18 19]
[0 1 2 3 4 6 8 12 13 14 17 18 19]
[0 1 2 3 4 6 12 13 14 17 18 19]
[0 1 2 3 4 6 12 13 17 18 19]
[0 1 2 3 4 6 12 17 18 19]
[0 1 2 3 4 6 12 18 19]
[0 1 2 3 4 6 18 19]
[0 1 3 4 6 18 19]
[0 1 3 4 18 19]
[0 1 3 4 19]
[0 1 3 4]
[0 1 3]
[0 3]
[0]
[0 1 2 3 4 5 6 7 8 9 10 12 13 14 15 16 17 18 19]
[0 1 2 3 4 5 6 7 9 10 12 13 14 15 16 17 18 19]
[0 1 2 3 4 5 6 7 9 10 12 13 14 15 16 17 19]
[0 1 2 3 4 5 6 7 9 10 12 13 15 16 17 19]
[0 1 2 3 4 6 7 9 10 12 13 15 16 17 19]
[0 1 2 3 4 6 7 9 12 13 15 16 17 19]
[0 1 2 3 4 6 7 9 13 15 16 17 19]
[0 1 2 3 4 6 7 13 15 16 17 19]
[0 1 2 3 4 7 13 15 16 17 19]
[0 1 2 3 4 7 15 16 17 19]
[0 1 2 3 4 7 16 17 19]
[0 1 2 3 4 16 17 19]
[0 1 2 3 4 17 19]
[0 1 2 3 4 19]
[0 1 4 19]
[0 1 4]
[0 1]
[1]
[0 1 2 3 4 5 6 7 8 9 10 11 12 13 14 15 16 17 19]
[0 1 2 3 4 5 6 7 8 9 11 12 13 14 15 16 17 19]
[0 1 2 3 4 5 6 7 8 9 11 12 13 14 15 16 17]
[0 1 2 3 4 5 6 7 8 9 11 12 13 14 15 17]
[0 1 2 3 4 5 6 7 9 11 12 13 14 15 17]
[0 1 2 3 4 5 6 7 11 12 13 14 15 17]
[0 1 2 3 4 5 6 7 11 12 13 15 17]
[0 1 2 3 4 5 6 7 11 12 15 17]
[0 1 2 3 4 5 6 7 12 15 17]
[0 1 2 3 4 5 6 7 15 17]
[0 1 2 3 4 5 6 7 15]
[0 1 2 3 4 5 6 15]
[1 2 3 4 5 6 15]
[1 2 3 4 5 15]
[1 2 3 4 15]
[1 2 3 4]
[2 3 4]
[2 3]
[2]
[0 1 2 3 4 5 6 7 8 9 10 11 12 13 14 15 16 18 19]
[0 1 2 3 4 5 6 8 9 10 11 12 13 14 15 16 18 19]
[0 1 2 3 4 5 6 8 9 10 11 13 14 15 16 18 19]
[0 1 2 3 4 5 6 8 9 10 11 14 15 16 18 19]
[0 1 2 3 4 5 6 8 9 10 11 14 15 18 19]
[0 1 2 3 4 5 6 9 10 11 14 15 18 19]
[0 1 2 3 4 5 6 9 11 14 15 18 19]
[0 1 2 3 4 5 6 9 11 14 15 18]
[0 1 2 3 4 5 6 9 11 15 18]
[0 1 2 3 4 5 6 9 15 18]
[0 1 2 3 4 5 6 9 18]
[0 1 2 3 4 5 6 9]
[0 1 2 3 4 5 9]
[0 1 2 3 4 5]
[0 1 2 3 4]
[0 2 3 4]
[0 2 3]
[3]
[0 1 2 3 4 5 6 7 8 10 11 12 13 15 16 17 18 19]
[0 1 2 3 4 5 6 8 10 11 12 13 15 16 17 18 19]
[0 1 2 3 4 5 8 10 11 12 13 15 16 17 18 19]
[0 1 2 3 4 5 8 11 12 13 15 16 17 18 19]
[0 1 2 3 4 8 11 12 13 15 16 17 18 19]
[0 1 2 3 4 11 12 13 15 16 17 18 19]
[0 1 2 3 4 11 13 15 16 17 18 19]
[0 1 2 3 4 11 13 15 16 18 19]
[0 1 2 3 4 11 13 16 18 19]
[0 1 2 3 4 11 13 18 19]
[0 1 2 3 4 13 18 19]
[0 1 2 3 4 13 19]
[0 1 2 3 4 13]
[1 3 4]
[3 4]
[4]
[1 2 3 4 5 6 7 8 9 10 11 12 13 14 15 16 17 19]
[1 2 3 4 5 6 7 8 9 10 11 12 14 15 16 17 19]
[1 2 3 4 5 6 7 8 9 10 11 12 14 15 16 17]
[2 3 4 5 6 7 8 9 10 11 12 14 15 16 17]
[2 3 4 5 6 7 8 9 10 11 12 14 15 16]
[2 3 5 6 7 8 9 10 11 12 14 15 16]
[2 3 5 6 7 8 9 10 11 12 14 16]
[2 3 5 6 7 8 9 10 11 12 14]
[2 3 5 6 7 8 9 11 12 14]
[2 3 5 6 7 8 9 11 12]
[2 3 5 6 7 8 9 12]
[2 5 6 7 8 9 12]
[5 6 7 8 9 12]
[5 6 7 9 12]
[5 6 7 9]
[5 7 9]
[5 9]
[5]
[0 1 2 3 4 5 6 7 8 10 11 12 13 14 17 18 19]
[0 1 2 3 4 5 6 7 8 10 11 12 13 14 17 18]
[0 1 2 3 4 5 6 7 8 10 11 12 13 14 18]
[0 1 2 3 5 6 7 8 10 11 12 13 14 18]
[0 1 2 3 5 6 7 8 10 11 12 13 14]
[0 1 2 3 5 6 7 8 11 12 13 14]
[0 1 2 3 5 6 7 8 11 13 14]
[0 2 3 5 6 7 8 11 13 14]
[0 2 3 5 6 7 8 11 13]
[0 2 5 6 7 8 11 13]
[0 2 5 6 7 8 13]
[0 2 5 6 7 8]
[2 5 6 7 8]
[5 6 7 8]
[5 6 8]
[6 8]
[6]
[0 1 2 4 5 6 7 8 9 10 11 12 13 14 15 16 17 18 19]
[0 1 2 4 5 6 7 8 9 10 11 12 13 14 16 17 18 19]
[0 1 2 4 5 6 7 8 9 10 12 13 14 16 17 18 19]
[0 1 2 4 5 6 7 8 9 10 12 13 16 17 18 19]
[0 1 2 4 5 6 7 8 9 10 13 16 17 18 19]
[0 1 2 4 5 6 7 8 9 10 16 17 18 19]
[0 1 2 5 6 7 8 9 10 16 17 18 19]
[0 1 2 5 6 7 8 9 16 17 18 19]
[1 2 5 6 7 8 9 16 17 18 19]
[2 5 6 7 8 9 16 17 18 19]
[5 6 7 8 9 16 17 18 19]
[5 6 7 8 9 16 17 18]
[5 6 7 8 9 16 17]
[5 6 7 8 9 17]
[5 7 8 9 17]
[5 7 8 9]
[7 9]
[7]
[0 1 2 3 4 5 6 7 8 9 11 12 13 14 15 16 17 18 19]
[0 1 2 3 4 5 6 7 8 9 11 12 13 14 15 17 18 19]
[0 1 2 3 4 5 6 7 8 9 11 13 14 15 17 18 19]
[0 2 3 4 5 6 7 8 9 11 13 14 15 17 18 19]
[0 2 3 4 5 6 7 8 9 13 14 15 17 18 19]
[0 3 4 5 6 7 8 9 13 14 15 17 18 19]
[0 4 5 6 7 8 9 13 14 15 17 18 19]
[0 4 5 6 7 8 9 13 15 17 18 19]
[0 4 5 6 7 8 9 15 17 18 19]
[0 5 6 7 8 9 15 17 18 19]
[5 6 7 8 9 15 17 18 19]
[5 6 7 8 9 17 18 19]
[5 6 7 8 9 18 19]
[5 6 7 8 9 18]
[5 6 7 8 9]
[6 7 8 9]
[6 8 9]
[8]
[0 1 2 3 4 5 7 8 9 10 11 12 13 14 15 16 17 18 19]
[1 2 3 4 5 7 8 9 10 11 12 13 14 15 16 17 18 19]
[1 2 3 5 7 8 9 10 11 12 13 14 15 16 17 18 19]
[1 2 3 5 7 8 9 10 11 12 14 15 16 17 18 19]
[1 2 3 5 7 8 9 10 11 12 14 16 17 18 19]
[1 3 5 7 8 9 10 11 12 14 16 17 18 19]
[3 5 7 8 9 10 11 12 14 16 17 18 19]
[3 5 7 8 9 10 12 14 16 17 18 19]
[3 5 7 8 9 10 12 16 17 18 19]
[3 5 7 8 9 10 12 16 17 18]
[3 5 7 8 9 10 16 17 18]
[5 7 8 9 10 16 17 18]
[5 7 8 9 10 17 18]
[5 7 8 9 17 18]
[5 8 9]
[9]
[0 1 2 3 4 5 6 7 9 10 11 12 13 14 15 16 17 19]
[0 1 3 4 5 6 7 9 10 11 12 13 14 15 16 17 19]
[0 1 3 4 5 6 7 9 10 11 12 13 14 15 16 19]
[1 3 4 5 6 7 9 10 11 12 13 14 15 16 19]
[1 3 4 5 6 7 9 10 11 12 13 14 16 19]
[1 3 4 5 6 7 9 10 11 12 13 14 16]
[3 4 5 6 7 9 10 11 12 13 14 16]
[4 5 6 7 9 10 11 12 13 14 16]
[5 6 7 9 10 11 12 13 14 16]
[5 6 7 9 10 11 12 13 14]
[5 7 9 10 11 12 13 14]
[5 9 10 11 12 13 14]
[9 10 11 12 13 14]
[10 11 12 13 14]
[10 12 13 14]
[10 12 13]
[10 13]
[10]
[0 2 3 4 5 6 7 8 9 10 11 12 13 14 15 16 17 19]
[0 2 3 4 5 6 7 8 9 10 11 12 13 14 15 17 19]
[0 2 3 4 5 6 8 9 10 11 12 13 14 15 17 19]
[0 2 3 4 5 6 8 9 10 11 12 13 15 17 19]
[0 2 3 4 5 6 9 10 11 12 13 15 17 19]
[2 3 4 5 6 9 10 11 12 13 15 17 19]
[2 3 4 5 6 9 10 11 12 13 17 19]
[3 4 5 6 9 10 11 12 13 17 19]
[3 4 5 6 9 10 11 12 13 19]
[3 4 5 6 10 11 12 13 19]
[4 5 6 10 11 12 13 19]
[4 6 10 11 12 13 19]
[4 10 11 12 13 19]
[4 10 11 12 13]
[10 11 12 13]
[10 11 13]
[11 13]
[11]
[0 1 2 4 5 6 7 9 10 11 12 13 14 15 16 17 18 19]
[0 1 2 4 5 6 9 10 11 12 13 14 15 16 17 18 19]
[0 2 4 5 6 9 10 11 12 13 14 15 16 17 18 19]
[0 2 4 5 6 9 10 11 12 13 15 16 17 18 19]
[0 2 4 5 9 10 11 12 13 15 16 17 18 19]
[0 4 5 9 10 11 12 13 15 16 17 18 19]
[0 4 5 9 10 11 12 13 15 16 18 19]
[0 4 5 9 10 11 12 13 15 16 19]
[0 5 9 10 11 12 13 15 16 19]
[0 5 10 11 12 13 15 16 19]
[0 5 10 11 12 13 16 19]
[5 10 11 12 13 16 19]
[5 10 12 13 16 19]
[5 10 12 13 16]
[10 12 13 16]
[12 13]
[12]
[0 1 2 3 4 6 7 8 9 10 11 12 13 14 15 16 18 19]
[0 1 2 4 6 7 8 9 10 11 12 13 14 15 16 18 19]
[0 1 2 4 6 7 8 9 10 11 12 13 14 15 16 19]
[0 1 2 4 6 8 9 10 11 12 13 14 15 16 19]
[0 1 2 4 6 8 10 11 12 13 14 15 16 19]
[0 1 2 4 6 10 11 12 13 14 15 16 19]
[0 1 4 6 10 11 12 13 14 15 16 19]
[0 1 4 6 10 11 12 13 14 16 19]
[0 4 6 10 11 12 13 14 16 19]
[4 6 10 11 12 13 14 16 19]
[4 6 10 11 12 13 14 16]
[4 6 10 11 12 13 14]
[4 10 11 12 13 14]
[10 11 13 14]
[13]
[0 1 2 3 4 5 6 8 9 10 11 12 13 14 15 16 17 19]
[0 1 2 3 5 6 8 9 10 11 12 13 14 15 16 17 19]
[0 1 2 3 5 6 8 9 10 11 12 13 14 16 17 19]
[0 1 2 3 5 6 8 9 10 12 13 14 16 17 19]
[0 2 3 5 6 8 9 10 12 13 14 16 17 19]
[0 2 3 5 6 9 10 12 13 14 16 17 19]
[0 2 5 6 9 10 12 13 14 16 17 19]
[0 5 6 9 10 12 13 14 16 17 19]
[0 5 6 9 10 12 13 14 16 19]
[0 5 6 9 10 12 13 14 19]
[0 5 6 9 10 13 14 19]
[5 6 9 10 13 14 19]
[5 6 9 10 13 14]
[5 9 10 13 14]
[5 10 13 14]
[10 13 14]
[13 14]
[14]
[1 2 3 4 5 8 9 10 11 12 13 14 15 16 17 18 19]
[1 2 3 4 5 8 9 10 11 12 13 15 16 17 18 19]
[1 2 3 4 5 8 9 11 12 13 15 16 17 18 19]
[1 2 3 4 5 8 11 12 13 15 16 17 18 19]
[1 2 3 4 5 8 12 13 15 16 17 18 19]
[1 2 3 4 8 12 13 15 16 17 18 19]
[1 2 3 4 8 12 15 16 17 18 19]
[1 2 3 4 12 15 16 17 18 19]
[2 3 4 12 15 16 17 18 19]
[2 4 12 15 16 17 18 19]
[2 4 15 16 17 18 19]
[2 15 16 17 18 19]
[15 16 17 18 19]
[15 16 17 19]
[15 17 19]
[15 19]
[15]
[0 1 2 3 4 5 6 7 9 10 11 12 13 14 15 16 17 18 19]
[0 1 2 3 4 5 7 9 10 11 12 13 14 15 16 17 18 19]
[0 1 2 3 4 5 7 9 10 12 13 14 15 16 17 18 19]
[0 1 2 4 5 7 9 10 12 13 14 15 16 17 18 19]
[0 1 4 5 7 9 10 12 13 14 15 16 17 18 19]
[1 4 5 7 9 10 12 13 14 15 16 17 18 19]
[1 4 5 7 9 12 13 14 15 16 17 18 19]
[1 4 5 7 9 12 13 15 16 17 18 19]
[1 4 7 9 12 13 15 16 17 18 19]
[1 4 7 9 12 15 16 17 18 19]
[4 7 9 12 15 16 17 18 19]
[7 9 12 15 16 17 18 19]
[7 12 15 16 17 18 19]
[12 15 16 17 18 19]
[15 16 18 19]
[16 18 19]
[16 19]
[16]
[0 1 2 4 5 6 7 8 9 10 11 12 14 15 16 17 18 19]
[0 1 2 4 5 6 7 8 9 11 12 14 15 16 17 18 19]
[0 1 2 4 5 7 8 9 11 12 14 15 16 17 18 19]
[0 1 2 4 7 8 9 11 12 14 15 16 17 18 19]
[0 1 2 4 7 8 9 11 12 15 16 17 18 19]
[0 1 2 4 7 8 9 12 15 16 17 18 19]
[0 1 2 4 7 8 9 15 16 17 18 19]
[1 2 4 7 8 9 15 16 17 18 19]
[1 2 4 7 9 15 16 17 18 19]
[1 4 7 9 15 16 17 18 19]
[1 7 9 15 16 17 18 19]
[7 9 15 16 17 18 19]
[7 15 16 17 18 19]
[15 17 18 19]
[17 19]
[17]
[0 1 2 3 4 5 6 7 8 9 12 13 14 15 16 17 18 19]
[0 1 3 4 5 6 7 8 9 12 13 14 15 16 17 18 19]
[0 1 3 4 6 7 8 9 12 13 14 15 16 17 18 19]
[0 1 3 4 6 7 8 9 12 13 15 16 17 18 19]
[0 1 3 4 6 7 8 9 12 15 16 17 18 19]
[0 3 4 6 7 8 9 12 15 16 17 18 19]
[0 3 4 6 7 8 9 12 15 16 17 18]
[0 3 4 7 8 9 12 15 16 17 18]
[0 3 4 7 8 9 15 16 17 18]
[0 4 7 8 9 15 16 17 18]
[0 7 8 9 15 16 17 18]
[0 7 9 15 16 17 18]
[0 9 15 16 17 18]
[9 15 16 17 18]
[15 16 17 18]
[16 17 18]
[16 18]
[18]
[0 1 3 4 5 7 8 9 10 11 12 13 14 15 16 17 18 19]
[0 1 3 4 7 8 9 10 11 12 13 14 15 16 17 18 19]
[0 1 3 4 7 8 9 11 12 13 14 15 16 17 18 19]
[0 1 4 7 8 9 11 12 13 14 15 16 17 18 19]
[0 1 4 7 8 9 11 12 13 14 15 16 17 19]
[0 1 4 7 8 9 11 12 13 15 16 17 19]
[0 1 4 7 8 9 11 12 15 16 17 19]
[0 1 4 7 9 11 12 15 16 17 19]
[0 1 4 7 11 12 15 16 17 19]
[0 1 4 7 12 15 16 17 19]
[0 1 4 12 15 16 17 19]
[0 1 12 15 16 17 19]
[0 1 15 16 17 19]
[1 15 16 17 19]
[15 16 19]
[19]