[0 1 2 3 4 6 7 8 9 10 11 12 13 14]
[0 1 2 3 4 6 7 8 9 10 11 13 14]
[0 1 2 3 4 6 7 8 9 10 13 14]
[0 1 2 3 4 6 7 8 9 10 13]
[0 1 2 3 4 6 7 8 9 10]
[0 1 2 3 4 6 7 8 9]
[0 1 2 3 4 6 7 8]
[0 1 2 3 4 6 8]
[0 1 2 3 4 8]
[0 1 2 3 4]
[0 1 2 4]
[0 2 4]
[0 4]
[0]
[0 1 2 3 4 5 6 7 8 9 10 11 12 14]
[0 1 2 3 4 5 6 7 8 9 10 11 12]
[0 1 2 3 4 5 6 7 8 9 10 11]
[0 1 2 3 4 5 6 7 8 9 10]
[0 1 2 3 4 5 6 7 8 9]
[0 1 2 3 4 5 6 7 8]
[0 1 2 3 4 7 8]
[0 1 2 4 7 8]
[0 1 2 4 7]
[0 1 2]
[1 2]
[1]
[0 1 2 3 4 5 6 8 9 10 11 12 13 14]
[0 1 2 3 4 5 8 9 10 11 12 13 14]
[0 1 2 3 4 5 8 10 11 12 13 14]
[0 1 2 3 4 5 8 10 12 13 14]
[0 1 2 3 4 5 10 12 13 14]
[0 1 2 3 4 10 12 13 14]
[0 1 2 3 4 10 12 13]
[0 1 2 3 4 12 13]
[0 1 2 3 4 13]
[0 1 2 4 13]
[0 2]
[2]
[0 1 2 3 4 6 7 8 9 10 11 12 14]
[0 1 2 3 4 6 7 9 10 11 12 14]
[0 1 2 3 4 6 7 9 11 12 14]
[0 1 2 3 4 6 7 9 11 12]
[0 1 2 3 4 6 7 11 12]
[0 1 2 3 4 7 11 12]
[0 1 2 3 4 11 12]
[0 2 3 4 11 12]
[0 2 3 4 12]
[0 3 4 12]
[0 3 12]
[0 3]
[3]
[0 1 2 3 4 5 6 8 10 11 12 13 14]
[0 1 2 3 4 5 8 10 11 12 14]
[0 1 2 3 4 5 8 10 12 14]
[0 1 2 3 4 5 8 10 12]
[0 1 2 3 4 5 10 12]
[0 1 2 3 4 5 10]
[0 1 2 3 4 5]
[0 1 4]
[4]
[0 1 2 4 5 6 7 8 9 10 11 12 13 14]
[1 2 4 5 6 7 8 9 10 11 12 13 14]
[1 2 4 5 6 7 8 9 10 11 12 13]
[1 2 4 5 6 7 8 9 11 12 13]
[1 2 4 5 6 7 8 9 11 12]
[1 2 4 5 6 7 8 9 11]
[1 4 5 6 7 8 9 11]
[4 5 6 7 8 9 11]
[5 6 7 8 9 11]
[5 6 8 9 11]
[5 6 8 9]
[5 8 9]
[5 9]
[5]
[0 1 3 4 5 6 7 8 9 10 11 12 13 14]
[0 1 3 5 6 7 8 9 10 11 12 13 14]
[0 1 3 5 6 7 8 9 11 12 13 14]
[0 1 3 5 6 7 8 9 11 13 14]
[0 1 3 5 6 7 8 9 13 14]
[0 1 5 6 7 8 9 13 14]
[0 1 5 6 7 8 9 13]
[1 5 6 7 8 9 13]
[1 5 6 8 9 13]
[5 6 8 9 13]
[5 6 8 13]
[5 6 8]
[5 6]
[6]
[0 1 2 3 4 5 6 7 8 9 10 12 13 14]
[0 1 3 4 5 6 7 8 9 10 12 13 14]
[0 1 3 5 6 7 8 9 10 12 13 14]
[0 1 3 5 6 7 8 9 10 13 14]
[0 1 5 6 7 8 9 14]
[1 5 6 7 8 9 14]
[1 5 7 8 9 14]
[1 5 7 8 9]
[5 7 8 9]
[7 8 9]
[7 9]
[7]
[0 1 2 3 4 5 6 7 8 9 10 11 12 13]
[0 1 2 3 4 5 6 7 8 9 10 12 13]
[0 1 2 3 4 5 6 7 8 9 10 12]
[0 1 2 4 5 6 7 8 9]
[0 1 4 5 6 7 8 9]
[0 1 5 6 7 8 9]
[0 5 6 7 8 9]
[0 5 6 7 8]
[5 6 7 8]
[5 8]
[8]
[0 1 5 6 7 8 9 10 12 13 14]
[0 5 6 7 8 9 10 12 13 14]
[0 5 6 7 8 9 10 12 13]
[0 5 6 7 8 9 10 12]
[5 6 7 8 9 10 12]
[5 6 7 8 9 10]
[5 6 7 8 9]
[5 6 7 9]
[5 7 9]
[9]
[0 1 2 3 4 5 6 7 8 9 10 11 13 14]
[0 1 2 3 4 5 6 7 9 10 11 13 14]
[0 1 2 3 4 6 7 9 10 11 13 14]
[0 1 2 3 4 7 9 10 11 13 14]
[0 1 2 3 4 9 10 11 13 14]
[0 1 2 4 9 10 11 13 14]
[0 2 4 9 10 11 13 14]
[0 2 4 9 10 11 14]
[2 4 9 10 11 14]
[4 9 10 11 14]
[9 10 11 14]
[10 11 14]
[10 11]
[10]
[0 1 2 3 4 5 6 9 10 11 12 13 14]
[0 1 2 3 4 5 6 10 11 12 13 14]
[1 2 3 4 5 6 10 11 12 13 14]
[1 3 4 5 6 10 11 12 13 14]
[1 3 5 6 10 11 12 13 14]
[3 5 6 10 11 12 13 14]
[3 5 10 11 12 13 14]
[5 10 11 12 13 14]
[10 11 12 13 14]
[10 11 12 14]
[10 11 12]
[11]
[0 1 2 3 4 5 6 7 9 10 11 12 13 14]
[1 2 3 4 5 6 7 9 10 11 12 13 14]
[1 2 3 4 5 6 7 9 11 12 13 14]
[1 2 3 4 5 6 9 11 12 13 14]
[1 2 3 4 5 9 11 12 13 14]
[2 3 4 5 9 11 12 13 14]
[2 3 4 9 11 12 13 14]
[2 3 9 11 12 13 14]
[2 3 11 12 13 14]
[3 11 12 13 14]
[11 12 13 14]
[11 12 14]
[11 12]
[12]
[0 2 3 4 5 6 7 9 10 11 12 13 14]
[0 2 4 5 6 7 9 10 11 12 13 14]
[0 2 4 6 7 9 10 11 12 13 14]
[0 2 6 7 9 10 11 12 13 14]
[2 6 7 9 10 11 12 13 14]
[2 6 7 10 11 12 13 14]
[2 6 7 11 12 13 14]
[2 6 11 12 13 14]
[2 6 11 12 13]
[6 11 12 13]
[11 12 13]
[11 13]
[13]
[0 1 2 3 4 6 7 9 10 11 12 13 14]
[0 2 3 4 6 7 9 10 11 12 13 14]
[2 3 4 6 7 9 10 11 12 13 14]
[2 4 6 7 9 10 11 12 13 14]
[6 7 10 11 12 13 14]
[7 10 11 12 13 14]
[7 10 11 12 14]
[11 14]
[14]