[0 1 2 3 4 5 6 7 8 9 10 11 12 13 14 15 16 17 18 19 20 21 22 23]
[0 1 2 3 4 5 6 7 8 9 10 11 12 13 14 15 16 17 18 20 21 22 23]
[0 1 2 3 4 5 6 7 8 9 10 11 12 13 14 15 16 17 18 20 22 23]
[0 1 2 3 4 5 6 7 8 9 11 12 13 14 15 16 17 18 20 22 23]
[0 1 2 3 4 5 6 7 8 9 11 12 13 14 15 16 17 18 22 23]
[0 1 2 3 4 5 6 7 9 11 12 13 14 15 16 17 18 22 23]
[0 1 2 3 4 5 6 7 9 11 12 13 14 15 17 18 22 23]
[0 1 2 3 4 5 6 7 9 11 12 13 14 15 18 22 23]
[0 1 2 4 5 6 7 9 11 12 13 14 15 18 22 23]
[0 1 2 4 5 6 7 9 11 12 13 14 15 22 23]
[0 1 2 4 5 7 9 11 12 13 14 15 22 23]
[0 1 2 4 5 7 9 11 12 13 15 22 23]
[0 1 2 4 5 7 9 11 12 13 15 22]
[0 2 4 5 7 9 11 12 13 15 22]
[0 2 5 7 9 11 12 13 15 22]
[0 2 5 7 9 11 13 15 22]
[0 5 7 9 11 13 15 22]
[0 5 7 11 13 15 22]
[0 7 11 13 15 22]
[0 7 11 13 22]
[0 7 11 22]
[0 11 22]
[0 11]
[0]
[0 1 2 3 4 5 6 7 8 10 11 12 13 14 15 16 17 18 19 20 21 22 23 24]
[0 1 3 4 5 6 7 8 10 11 12 13 14 15 16 17 18 19 20 21 22 23 24]
[0 1 3 5 6 7 8 10 11 12 13 14 15 16 17 18 19 20 21 22 23 24]
[0 1 3 5 6 7 8 10 11 12 14 15 16 17 18 19 20 21 22 23 24]
[0 1 3 5 6 7 8 10 11 12 14 15 16 17 18 19 20 21 23 24]
[0 1 3 5 6 7 8 10 12 14 15 16 17 18 19 20 21 23 24]
[0 1 3 5 6 7 8 10 12 14 15 16 17 19 20 21 23 24]
[0 1 3 5 6 7 8 12 14 15 16 17 19 20 21 23 24]
[0 1 3 5 6 7 8 12 14 15 16 17 19 20 21 23]
[0 1 3 5 6 7 8 12 14 15 16 17 19 21 23]
[0 1 3 5 6 7 8 14 15 16 17 19 21 23]
[0 1 3 5 6 7 8 14 15 16 17 19 23]
[1 3 5 6 7 8 14 15 16 17 19 23]
[1 3 5 6 7 8 14 15 16 17 19]
[1 3 5 6 7 8 14 16 17 19]
[1 3 5 6 7 8 14 17 19]
[1 5 6 7 8 14 17 19]
[1 5 6 8 14 17 19]
[1 5 6 14 17 19]
[1 6 14 17 19]
[1 6 17 19]
[1 6 19]
[1 19]
[1]
[0 1 2 4 5 6 7 8 9 10 11 12 13 14 15 16 17 18 19 20 21 22 23 24]
[0 1 2 5 6 7 8 9 10 11 12 13 14 15 16 17 18 19 20 21 22 23 24]
[0 1 2 5 6 7 8 9 10 11 12 13 14 15 16 17 18 19 20 21 23 24]
[0 1 2 5 6 8 9 10 11 12 13 14 15 16 17 18 19 20 21 23 24]
[0 2 5 6 8 9 10 11 12 13 14 15 16 17 18 19 20 21 23 24]
[0 2 5 6 8 9 10 11 12 13 14 16 17 18 19 20 21 23 24]
[0 2 5 6 9 10 11 12 13 14 16 17 18 19 20 21 23 24]
[0 2 5 6 9 10 11 12 13 14 16 17 18 19 20 21 24]
[0 2 5 6 9 10 11 12 13 14 17 18 19 20 21 24]
[0 2 5 6 9 10 11 12 14 17 18 19 20 21 24]
[0 2 5 9 10 11 12 14 17 18 19 20 21 24]
[0 2 5 9 10 11 12 14 17 18 19 20 21]
[0 2 5 9 10 11 12 14 17 18 20 21]
[0 2 5 9 10 11 12 14 17 20 21]
[0 2 5 9 11 12 14 17 20 21]
[2 5 9 11 12 14 17 20 21]
[2 5 9 11 12 14 20 21]
[2 5 9 11 12 20 21]
[2 5 9 11 12 21]
[2 5 9 11 21]
[2 5 11 21]
[2 5 21]
[2 5]
[2]
[0 1 2 3 4 5 7 8 9 10 11 12 13 14 15 16 17 18 19 20 21 22 23 24]
[0 1 3 4 5 7 8 9 10 11 12 13 14 15 16 17 18 19 20 21 22 23 24]
[0 1 3 4 5 8 9 10 11 12 13 14 15 16 17 18 19 20 21 22 23 24]
[0 1 3 4 5 8 10 11 12 13 14 15 16 17 18 19 20 21 22 23 24]
[0 1 3 4 5 8 10 11 12 13 14 15 16 17 18 19 20 22 23 24]
[0 1 3 4 5 8 10 11 12 13 14 15 17 18 19 20 22 23 24]
[0 1 3 4 5 8 10 11 12 13 14 15 17 18 20 22 23 24]
[0 1 3 5 8 10 11 12 13 14 15 17 18 20 22 23 24]
[0 1 3 5 8 10 11 13 14 15 17 18 20 22 23 24]
[0 1 3 5 8 10 13 14 15 17 18 20 22 23 24]
[0 1 3 5 8 10 13 14 15 17 18 20 22 24]
[0 1 3 5 8 10 13 14 15 17 18 20 22]
[0 1 3 5 8 10 13 14 15 18 20 22]
[0 1 3 5 8 10 13 14 18 20 22]
[0 1 3 5 8 10 14 18 20 22]
[0 1 3 5 8 14 18 20 22]
[1 3 5 8 14 18 20 22]
[1 3 5 8 14 18 20]
[3 5 8 14 18 20]
[3 5 8 14 18]
[3 5 14 18]
[3 5 18]
[3 5]
[3]
[0 1 2 3 4 5 6 8 9 10 11 12 13 14 15 16 17 18 19 20 21 22 23 24]
[0 1 2 3 4 5 6 8 9 10 11 12 13 14 16 17 18 19 20 21 22 23 24]
[0 1 3 4 5 6 8 9 10 11 12 13 14 16 17 18 19 20 21 22 23 24]
[0 1 3 4 5 6 8 10 11 12 13 14 16 17 18 19 20 21 22 23 24]
[0 1 3 4 5 6 8 10 11 12 13 16 17 18 19 20 21 22 23 24]
[0 1 3 4 5 6 8 10 11 12 13 16 17 18 19 20 21 23 24]
[0 1 4 5 6 8 10 11 12 13 16 17 18 19 20 21 23 24]
[0 4 5 6 8 10 11 12 13 16 17 18 19 20 21 23 24]
[0 4 5 6 8 11 12 13 16 17 18 19 20 21 23 24]
[0 4 5 6 11 12 13 16 17 18 19 20 21 23 24]
[0 4 5 6 11 12 13 16 17 18 20 21 23 24]
[0 4 5 6 11 12 13 16 17 20 21 23 24]
[0 4 5 6 11 12 16 17 20 21 23 24]
[0 4 5 6 11 12 16 17 20 21 24]
[0 4 5 11 12 16 17 20 21 24]
[0 4 11 12 16 17 20 21 24]
[0 4 11 12 16 20 21 24]
[0 4 11 12 20 21 24]
[4 11 12 20 21 24]
[4 11 12 20 24]
[4 12 20 24]
[4 12 20]
[4 12]
[4]
[0 1 2 3 4 5 6 7 8 9 10 11 13 14 15 16 17 18 19 20 21 22 23 24]
[0 1 2 3 4 5 6 7 8 9 10 11 13 15 16 17 18 19 20 21 22 23 24]
[0 1 2 3 4 5 6 7 8 9 10 11 13 15 17 18 19 20 21 22 23 24]
[0 1 2 3 4 5 6 7 8 10 11 13 15 17 18 19 20 21 22 23 24]
[0 1 2 3 4 5 6 7 8 10 11 13 15 18 19 20 21 22 23 24]
[0 1 2 3 4 5 6 7 8 10 11 13 15 18 19 20 21 22 23]
[0 1 2 3 4 5 6 7 8 10 11 13 15 19 20 21 22 23]
[0 1 2 3 4 5 6 7 8 10 11 13 15 19 20 21 22]
[0 1 2 3 4 5 6 7 8 10 11 15 19 20 21 22]
[0 1 2 3 4 5 6 7 10 11 15 19 20 21 22]
[0 1 2 3 4 5 6 7 10 11 15 19 20 21]
[0 1 2 3 4 5 7 10 11 15 19 20 21]
[0 1 2 3 5 7 10 11 15 19 20 21]
[0 1 2 3 5 10 11 15 19 20 21]
[0 1 2 3 5 11 15 19 20 21]
[1 2 3 5 11 15 19 20 21]
[2 3 5 11 15 19 20 21]
[2 3 5 11 15 19 21]
[2 3 5 15 19 21]
[2 3 5 19 21]
[2 3 5 21]
[2 3 5]
[5]
[0 1 2 4 5 6 7 8 9 10 11 12 13 14 16 17 18 19 20 21 22 23 24]
[0 1 2 4 5 6 7 8 9 10 11 12 13 14 16 17 18 20 21 22 23 24]
[0 1 2 4 5 6 7 8 9 10 11 12 13 14 16 17 20 21 22 23 24]
[0 1 2 4 5 6 8 9 10 11 12 13 14 16 17 20 21 22 23 24]
[0 1 2 4 5 6 8 10 11 12 13 14 16 17 20 21 22 23 24]
[0 1 2 4 5 6 8 10 11 12 13 14 16 17 20 21 22 23]
[0 1 2 4 5 6 8 10 11 13 14 16 17 20 21 22 23]
[0 1 2 5 6 8 10 11 13 14 16 17 20 21 22 23]
[1 2 5 6 8 10 11 13 14 16 17 20 21 22 23]
[1 5 6 8 10 11 13 14 16 17 20 21 22 23]
[1 6 8 10 11 13 14 16 17 20 21 22 23]
[1 6 8 10 11 13 16 17 20 21 22 23]
[1 6 8 11 13 16 17 20 21 22 23]
[1 6 11 13 16 17 20 21 22 23]
[1 6 11 13 16 20 21 22 23]
[1 6 11 13 16 20 21 22]
[1 6 11 13 16 21 22]
[1 6 11 13 16 22]
[1 6 13 16 22]
[1 6 13 22]
[1 6 13]
[1 6]
[6]
[0 1 2 3 5 6 7 8 9 10 11 12 13 14 15 16 17 18 19 20 21 22 23 24]
[0 1 2 5 6 7 8 9 10 11 12 14 15 16 17 18 19 20 21 22 23 24]
[0 1 2 5 6 7 9 10 11 12 14 15 16 17 18 19 20 21 22 23 24]
[0 1 5 6 7 9 10 11 12 14 15 16 17 18 19 20 21 22 23 24]
[0 1 5 6 7 9 10 11 12 14 15 16 17 18 19 20 22 23 24]
[0 1 5 7 9 10 11 12 14 15 16 17 18 19 20 22 23 24]
[0 1 5 7 9 10 11 12 14 15 16 18 19 20 22 23 24]
[0 1 5 7 9 10 11 12 14 15 16 18 20 22 23 24]
[0 1 5 7 9 10 11 12 14 15 16 18 20 22 23]
[0 1 5 7 9 10 11 12 14 15 16 18 22 23]
[0 1 5 7 9 10 11 12 15 16 18 22 23]
[0 1 5 7 9 10 11 12 16 18 22 23]
[0 1 5 7 9 10 11 12 16 22 23]
[0 1 5 7 10 11 12 16 22 23]
[0 1 5 7 10 11 16 22 23]
[0 1 7 10 11 16 22 23]
[0 7 10 11 16 22 23]
[0 7 10 11 16 22]
[7 10 11 16 22]
[7 11 16 22]
[7 11 22]
[7 11]
[7]
[0 1 2 3 4 5 6 7 8 9 10 11 13 14 15 17 18 19 20 21 22 23 24]
[0 1 2 3 4 5 6 8 9 10 11 13 14 15 17 18 19 20 21 22 23 24]
[0 1 3 4 5 6 8 9 10 11 13 14 15 17 18 19 20 21 22 23 24]
[0 1 3 4 5 6 8 9 10 11 13 14 17 18 19 20 21 22 23 24]
[0 1 3 4 5 6 8 9 10 11 13 17 18 19 20 21 22 23 24]
[0 1 3 5 6 8 9 10 11 13 17 18 19 20 21 22 23 24]
[1 3 5 6 8 9 10 11 13 17 18 19 20 21 22 23 24]
[1 3 5 6 8 9 10 11 13 17 18 19 20 21 22 23]
[1 3 5 6 8 9 11 13 17 18 19 20 21 22 23]
[1 3 6 8 9 11 13 17 18 19 20 21 22 23]
[1 3 6 8 9 11 13 17 18 19 21 22 23]
[1 3 6 8 9 13 17 18 19 21 22 23]
[1 3 8 9 13 17 18 19 21 22 23]
[1 3 8 9 13 18 19 21 22 23]
[1 3 8 13 18 19 21 22 23]
[1 3 8 13 18 19 21 23]
[1 3 8 13 18 19 21]
[1 3 8 13 18 19]
[1 3 8 13 19]
[3 8 13 19]
[3 8 13]
[3 8]
[8]
[0 1 2 3 4 5 6 7 8 9 10 11 12 13 14 15 16 17 18 19 21 22 23 24]
[0 1 2 4 5 6 7 8 9 10 11 12 13 14 15 16 17 18 19 21 22 23 24]
[0 1 2 4 6 7 8 9 10 11 12 13 14 15 16 17 18 19 21 22 23 24]
[0 1 2 6 7 8 9 10 11 12 13 14 15 16 17 18 19 21 22 23 24]
[0 1 2 6 7 8 9 10 11 12 13 14 15 16 17 19 21 22 23 24]
[0 2 6 7 8 9 10 11 12 13 14 15 16 17 19 21 22 23 24]
[0 2 6 7 8 9 10 11 12 13 15 16 17 19 21 22 23 24]
[0 2 6 7 8 9 11 12 13 15 16 17 19 21 22 23 24]
[0 2 7 8 9 11 12 13 15 16 17 19 21 22 23 24]
[0 2 7 8 9 11 12 13 16 17 19 21 22 23 24]
[0 2 7 8 9 11 12 16 17 19 21 22 23 24]
[0 2 7 8 9 11 12 16 17 19 21 23 24]
[0 2 7 8 9 11 12 16 17 19 23 24]
[0 2 7 8 9 11 12 16 17 19 24]
[0 2 8 9 11 12 16 17 19 24]
[0 2 8 9 11 16 17 19 24]
[0 2 8 9 11 17 19 24]
[0 2 9 11 17 19 24]
[2 9 11 17 19 24]
[2 9 11 19 24]
[2 9 11 19]
[2 9 11]
[9 11]
[9]
[0 1 2 3 4 5 6 7 8 9 10 11 12 13 15 16 17 18 19 20 21 22 23 24]
[0 1 2 3 4 5 6 7 8 9 10 11 12 13 15 16 17 19 20 21 22 23 24]
[0 1 2 3 5 6 7 8 9 10 11 12 13 15 16 17 19 20 21 22 23 24]
[0 1 2 3 5 6 7 8 10 11 12 13 15 16 17 19 20 21 22 23 24]
[1 2 3 5 6 7 8 10 11 12 13 15 16 17 19 20 21 22 23 24]
[1 2 3 5 6 7 8 10 11 12 13 16 17 19 20 21 22 23 24]
[1 2 3 5 6 7 8 10 11 12 13 16 17 19 21 22 23 24]
[1 2 5 6 7 8 10 11 12 13 16 17 19 21 22 23 24]
[1 2 5 6 7 10 11 12 13 16 17 19 21 22 23 24]
[2 5 6 7 10 11 12 13 16 17 19 21 22 23 24]
[2 5 7 10 11 12 13 16 17 19 21 22 23 24]
[2 5 7 10 11 13 16 17 19 21 22 23 24]
[2 5 7 10 11 13 16 17 19 21 23 24]
[5 7 10 11 13 16 17 19 21 23 24]
[5 7 10 11 13 16 19 21 23 24]
[5 7 10 11 13 16 19 23 24]
[7 10 11 13 16 19 23 24]
[7 10 11 13 16 19 23]
[7 10 11 13 19 23]
[7 10 11 19 23]
[10 11 19 23]
[10 11 19]
[10 19]
[10]
[0 1 2 3 4 5 6 7 8 9 10 11 12 13 14 15 16 17 18 19 20 22 23 24]
[0 1 2 3 4 5 6 7 8 9 10 11 12 13 14 15 16 17 18 19 20 22 23]
[0 1 2 3 4 5 6 7 8 9 10 11 12 13 14 15 16 17 18 19 20 22]
[0 1 2 3 4 5 6 7 8 9 10 11 12 13 14 15 16 17 18 19 22]
[0 1 2 4 5 6 7 8 9 10 11 12 13 14 15 16 17 18 19 22]
[0 2 4 5 6 7 8 9 10 11 12 13 14 15 16 17 18 19 22]
[0 2 4 5 6 7 8 9 10 11 12 13 15 16 17 18 19 22]
[0 2 4 5 6 7 8 9 10 11 12 13 15 16 17 18 19]
[0 2 4 5 6 7 8 9 10 11 12 15 16 17 18 19]
[0 2 4 5 6 7 9 10 11 12 15 16 17 18 19]
[0 2 4 5 6 7 9 10 11 12 15 16 18 19]
[0 2 5 6 7 9 10 11 12 15 16 18 19]
[0 2 5 7 9 10 11 12 15 16 18 19]
[0 2 7 9 10 11 12 15 16 18 19]
[0 2 7 9 10 11 15 16 18 19]
[0 2 7 9 10 11 16 18 19]
[0 2 7 9 10 11 16 19]
[2 7 9 10 11 16 19]
[2 7 9 11 16 19]
[7 9 11 16 19]
[7 11 16 19]
[7 11 19]
[11]
[0 1 2 3 4 5 6 7 8 9 10 11 12 13 14 15 16 17 19 20 21 22 23 24]
[0 1 2 3 4 6 7 8 9 10 11 12 13 14 15 16 17 19 20 21 22 23 24]
[0 1 2 3 4 6 7 9 10 11 12 13 14 15 16 17 19 20 21 22 23 24]
[0 1 2 4 6 7 9 10 11 12 13 14 15 16 17 19 20 21 22 23 24]
[0 1 2 4 6 7 9 10 11 12 13 14 15 16 17 19 20 21 23 24]
[0 1 2 4 7 9 10 11 12 13 14 15 16 17 19 20 21 23 24]
[0 1 2 4 7 9 10 11 12 13 15 16 17 19 20 21 23 24]
[0 1 2 4 7 9 10 11 12 13 15 16 19 20 21 23 24]
[0 1 2 4 7 9 10 11 12 13 16 19 20 21 23 24]
[0 1 2 4 7 9 10 11 12 13 16 19 20 21 24]
[0 1 2 4 7 9 10 11 12 13 19 20 21 24]
[0 2 4 7 9 10 11 12 13 19 20 21 24]
[0 2 4 7 10 11 12 13 19 20 21 24]
[0 2 4 10 11 12 13 19 20 21 24]
[0 2 4 11 12 13 19 20 21 24]
[0 2 4 11 12 13 19 20 21]
[2 4 11 12 13 19 20 21]
[2 4 11 12 13 19 21]
[2 4 11 12 19 21]
[2 4 12 19 21]
[2 4 12 21]
[4 12 21]
[12]
[0 1 2 3 4 5 6 8 9 10 11 12 13 14 15 16 17 18 19 20 21 23 24]
[0 1 2 3 4 5 6 8 9 10 11 12 13 14 16 17 18 19 20 21 23 24]
[0 1 2 3 4 5 6 8 9 10 11 12 13 14 16 17 18 19 20 21 23]
[0 2 3 4 5 6 8 9 10 11 12 13 14 16 17 18 19 20 21 23]
[0 2 3 4 5 6 8 10 11 12 13 14 16 17 18 19 20 21 23]
[0 2 4 5 6 8 10 11 12 13 14 16 17 18 19 20 21 23]
[0 2 5 6 8 10 11 12 13 14 16 17 18 19 20 21 23]
[0 5 6 8 10 11 12 13 14 16 17 18 19 20 21 23]
[0 6 8 10 11 12 13 14 16 17 18 19 20 21 23]
[0 6 8 10 12 13 14 16 17 18 19 20 21 23]
[0 6 8 10 12 13 14 16 17 18 20 21 23]
[0 6 8 10 12 13 14 16 17 18 20 23]
[0 6 8 10 12 13 16 17 18 20 23]
[0 6 8 10 12 13 16 18 20 23]
[0 6 8 10 13 16 18 20 23]
[0 6 10 13 16 18 20 23]
[0 6 10 13 16 20 23]
[6 10 13 16 20 23]
[6 13 16 20 23]
[6 13 20 23]
[6 13 20]
[13 20]
[13]
[0 1 2 3 4 6 7 8 9 10 11 12 13 14 15 16 17 18 19 20 21 22 23 24]
[0 1 2 3 4 6 7 8 9 11 12 13 14 15 16 17 18 19 20 21 22 23 24]
[0 1 2 3 4 6 7 8 9 11 12 13 14 15 16 17 18 19 20 21 23 24]
[0 1 2 3 6 7 8 9 11 12 13 14 15 16 17 18 19 20 21 23 24]
[0 1 2 3 6 7 8 9 11 12 13 14 15 17 18 19 20 21 23 24]
[0 1 2 3 6 7 8 11 12 13 14 15 17 18 19 20 21 23 24]
[0 1 2 3 6 7 8 11 12 13 14 15 17 18 20 21 23 24]
[0 1 2 3 6 7 8 11 12 13 14 15 17 20 21 23 24]
[0 1 2 3 6 7 8 11 12 13 14 15 20 21 23 24]
[0 1 2 3 6 7 11 12 13 14 15 20 21 23 24]
[0 1 2 3 6 7 11 13 14 15 20 21 23 24]
[0 1 2 3 6 11 13 14 15 20 21 23 24]
[0 1 2 3 6 11 13 14 15 20 21 24]
[0 1 2 3 6 13 14 15 20 21 24]
[1 2 3 6 13 14 15 20 21 24]
[1 2 3 13 14 15 20 21 24]
[1 2 3 13 14 20 21 24]
[1 2 3 13 14 20 24]
[1 2 3 14 20 24]
[1 2 3 14 24]
[2 3 14 24]
[3 14 24]
[3 14]
[14]
[0 1 2 3 5 7 8 9 10 11 12 13 14 15 16 17 18 19 20 21 22 23 24]
[0 1 2 3 5 7 8 9 10 11 12 13 14 15 17 18 19 20 21 22 23 24]
[0 1 2 3 5 7 8 9 10 11 12 13 14 15 17 18 19 20 22 23 24]
[0 1 2 3 5 7 8 9 10 11 12 13 14 15 17 19 20 22 23 24]
[0 1 2 3 5 7 8 9 10 11 12 14 15 17 19 20 22 23 24]
[0 1 3 5 7 8 9 10 11 12 14 15 17 19 20 22 23 24]
[0 1 3 5 7 9 10 11 12 14 15 17 19 20 22 23 24]
[0 1 3 5 7 9 10 11 12 14 15 17 19 20 22 23]
[0 1 3 5 7 9 11 12 14 15 17 19 20 22 23]
[0 1 3 5 7 9 11 12 14 15 17 20 22 23]
[0 1 3 5 7 11 12 14 15 17 20 22 23]
[0 1 3 5 7 11 12 14 15 20 22 23]
[0 1 5 7 11 12 14 15 20 22 23]
[0 1 5 7 11 14 15 20 22 23]
[0 1 5 7 11 14 15 22 23]
[0 1 5 11 14 15 22 23]
[0 1 5 11 15 22 23]
[0 1 5 11 15 22]
[0 5 11 15 22]
[5 11 15 22]
[5 11 15]
[11 15]
[15]
[0 1 2 3 4 6 7 8 9 10 11 12 13 14 15 16 17 18 19 20 22 23 24]
[0 1 2 3 4 6 7 8 9 10 11 12 13 14 16 17 18 19 20 22 23 24]
[0 1 2 3 4 6 7 8 9 10 11 12 13 14 16 17 18 19 22 23 24]
[0 1 2 4 6 7 8 9 10 11 12 13 14 16 17 18 19 22 23 24]
[0 1 2 4 6 7 9 10 11 12 13 14 16 17 18 19 22 23 24]
[0 1 2 4 6 7 9 10 11 12 13 16 17 18 19 22 23 24]
[0 1 2 4 6 7 9 10 11 12 13 16 17 19 22 23 24]
[0 1 2 4 6 7 9 10 11 12 13 16 17 19 23 24]
[0 1 2 4 6 7 9 10 11 12 13 16 17 19 23]
[0 1 2 4 6 7 9 10 11 12 13 16 17 19]
[0 1 4 6 7 9 10 11 12 13 16 17 19]
[0 1 4 6 7 9 10 11 12 13 16 19]
[1 4 6 7 9 10 11 12 13 16 19]
[1 4 6 7 9 10 11 13 16 19]
[1 4 6 7 10 11 13 16 19]
[1 6 7 10 11 13 16 19]
[6 7 10 11 13 16 19]
[6 7 11 13 16 19]
[7 11 13 16 19]
[11 16 19]
[11 16]
[16]
[0 1 2 3 4 5 6 7 8 9 10 11 12 13 14 15 16 17 18 19 20 21 23 24]
[0 1 2 3 4 5 6 7 8 9 10 11 12 13 14 15 16 17 18 19 21 23 24]
[0 1 2 3 4 5 6 7 8 9 10 11 12 13 14 15 16 17 18 19 21 24]
[0 1 2 3 4 5 6 8 9 10 11 12 13 14 15 16 17 18 19 21 24]
[0 1 2 3 4 5 6 8 9 10 11 12 13 15 16 17 18 19 21 24]
[0 1 2 3 4 5 6 8 9 10 11 12 13 15 16 17 19 21 24]
[0 1 2 3 4 6 8 9 10 11 12 13 15 16 17 19 21 24]
[0 1 2 3 4 6 8 9 10 11 12 13 15 16 17 19 21]
[0 1 2 3 4 6 8 9 10 11 12 13 16 17 19 21]
[0 1 2 3 4 6 8 9 10 11 13 16 17 19 21]
[0 1 2 4 6 8 9 10 11 13 16 17 19 21]
[0 1 2 4 6 8 9 10 11 13 17 19 21]
[1 2 4 6 8 9 10 11 13 17 19 21]
[1 2 6 8 9 10 11 13 17 19 21]
[1 2 6 8 9 10 13 17 19 21]
[1 2 6 9 10 13 17 19 21]
[1 2 9 10 13 17 19 21]
[1 2 9 13 17 19 21]
[1 2 9 17 19 21]
[1 2 17 19 21]
[1 2 17 21]
[1 17 21]
[1 17]
[17]
[0 1 2 3 4 5 6 7 8 9 10 11 13 14 15 16 17 18 20 21 22 23 24]
[0 1 2 3 4 5 6 7 8 9 10 11 13 14 16 17 18 20 21 22 23 24]
[0 1 2 3 4 5 6 7 8 10 11 13 14 16 17 18 20 21 22 23 24]
[0 1 2 3 4 5 6 7 8 11 13 14 16 17 18 20 21 22 23 24]
[0 1 2 3 4 5 7 8 11 13 14 16 17 18 20 21 22 23 24]
[0 1 2 3 4 5 7 8 11 13 14 17 18 20 21 22 23 24]
[0 1 2 3 4 5 7 8 11 13 17 18 20 21 22 23 24]
[0 1 2 3 4 5 7 8 11 13 18 20 21 22 23 24]
[0 1 2 3 5 7 8 11 13 18 20 21 22 23 24]
[0 1 2 3 7 8 11 13 18 20 21 22 23 24]
[0 2 3 7 8 11 13 18 20 21 22 23 24]
[0 2 3 7 8 11 13 18 20 21 22 23]
[2 3 7 8 11 13 18 20 21 22 23]
[2 3 8 11 13 18 20 21 22 23]
[3 8 11 13 18 20 21 22 23]
[3 8 11 13 18 21 22 23]
[3 8 11 13 18 21 23]
[3 8 11 13 18 23]
[3 11 13 18 23]
[3 11 13 18]
[3 11 18]
[3 18]
[18]
[1 2 3 4 5 6 7 8 9 10 11 12 13 14 15 16 17 19 20 21 22 23 24]
[1 2 3 4 5 7 8 9 10 11 12 13 14 15 16 17 19 20 21 22 23 24]
[1 2 4 5 7 8 9 10 11 12 13 14 15 16 17 19 20 21 22 23 24]
[1 2 4 5 7 8 9 10 11 12 13 15 16 17 19 20 21 22 23 24]
[1 2 4 5 8 9 10 11 12 13 15 16 17 19 20 21 22 23 24]
[1 2 5 8 9 10 11 12 13 15 16 17 19 20 21 22 23 24]
[1 2 5 8 9 10 11 12 13 16 17 19 20 21 22 23 24]
[1 2 5 8 9 10 11 12 13 16 17 19 20 21 22 24]
[1 5 8 9 10 11 12 13 16 17 19 20 21 22 24]
[1 5 8 9 10 11 12 16 17 19 20 21 22 24]
[1 5 8 9 10 11 12 16 17 19 20 21 22]
[1 5 8 9 10 11 12 16 19 20 21 22]
[1 5 9 10 11 12 16 19 20 21 22]
[1 5 9 10 11 12 16 19 20 21]
[1 5 10 11 12 16 19 20 21]
[1 5 10 11 12 16 19 21]
[1 5 10 11 12 16 19]
[1 10 11 12 16 19]
[1 10 11 16 19]
[1 10 11 19]
[1 11 19]
[11 19]
[19]
[0 1 2 3 4 5 6 7 8 10 11 12 13 14 15 17 18 19 20 21 22 23 24]
[0 1 2 3 4 5 6 7 8 10 11 12 13 14 15 18 19 20 21 22 23 24]
[0 1 2 3 4 5 6 7 8 10 12 13 14 15 18 19 20 21 22 23 24]
[0 1 2 3 4 5 6 7 8 10 12 13 14 15 18 19 20 21 23 24]
[1 2 3 4 5 6 7 8 10 12 13 14 15 18 19 20 21 23 24]
[1 2 3 4 5 6 7 8 10 12 13 14 15 18 19 20 23 24]
[1 2 3 4 5 6 8 10 12 13 14 15 18 19 20 23 24]
[1 2 3 4 5 6 8 10 12 13 14 18 19 20 23 24]
[1 2 3 4 5 6 8 12 13 14 18 19 20 23 24]
[2 3 4 5 6 8 12 13 14 18 19 20 23 24]
[2 3 4 5 6 12 13 14 18 19 20 23 24]
[2 3 4 5 6 12 13 14 19 20 23 24]
[2 3 4 5 6 13 14 19 20 23 24]
[2 3 4 5 6 13 14 19 20 24]
[2 3 4 5 13 14 19 20 24]
[2 4 5 13 14 19 20 24]
[2 4 5 13 14 19 20]
[2 4 13 14 19 20]
[2 4 13 19 20]
[2 13 19 20]
[2 13 20]
[20]
[0 1 2 3 4 5 6 7 8 9 10 11 12 13 14 15 17 18 19 20 21 22 23 24]
[0 1 2 3 4 5 6 7 8 9 10 12 13 14 15 17 18 19 20 21 22 23 24]
[0 1 2 4 5 6 7 8 9 10 12 13 14 15 17 18 19 20 21 22 23 24]
[0 1 2 4 5 6 7 8 9 10 12 13 14 17 18 19 20 21 22 23 24]
[1 2 4 5 6 7 8 9 10 12 13 14 17 18 19 20 21 22 23 24]
[1 2 4 5 6 7 8 9 10 12 13 14 17 18 19 20 21 22 24]
[1 2 4 5 6 8 9 10 12 13 14 17 18 19 20 21 22 24]
[1 2 4 5 6 8 9 10 12 13 14 17 18 19 21 22 24]
[1 2 4 5 6 8 10 12 13 14 17 18 19 21 22 24]
[2 4 5 6 8 10 12 13 14 17 18 19 21 22 24]
[2 4 5 6 8 10 12 13 17 18 19 21 22 24]
[2 5 6 8 10 12 13 17 18 19 21 22 24]
[2 5 6 8 10 12 17 18 19 21 22 24]
[2 5 6 8 12 17 18 19 21 22 24]
[2 5 6 8 12 17 19 21 22 24]
[2 5 6 12 17 19 21 22 24]
[2 5 12 17 19 21 22 24]
[2 5 12 19 21 22 24]
[2 5 12 21 22 24]
[2 5 12 21 24]
[2 12 21 24]
[2 21 24]
[21 24]
[21]
[0 1 2 3 4 5 6 7 8 9 10 11 12 15 16 17 18 19 20 21 22 23 24]
[0 1 2 3 4 5 6 7 8 9 10 11 12 15 16 18 19 20 21 22 23 24]
[0 1 3 4 5 6 7 8 9 10 11 12 15 16 18 19 20 21 22 23 24]
[0 1 3 5 6 7 8 9 10 11 12 15 16 18 19 20 21 22 23 24]
[0 1 3 5 6 7 8 9 10 11 12 15 16 18 19 21 22 23 24]
[0 1 3 5 6 7 8 9 10 11 12 15 18 19 21 22 23 24]
[0 1 3 5 6 7 8 9 10 11 15 18 19 21 22 23 24]
[0 3 5 6 7 8 9 10 11 15 18 19 21 22 23 24]
[0 3 5 6 7 8 10 11 15 18 19 21 22 23 24]
[0 3 6 7 8 10 11 15 18 19 21 22 23 24]
[0 3 6 7 8 10 15 18 19 21 22 23 24]
[0 6 7 8 10 15 18 19 21 22 23 24]
[0 6 7 8 15 18 19 21 22 23 24]
[0 6 7 8 15 19 21 22 23 24]
[0 6 7 15 19 21 22 23 24]
[0 6 7 15 19 21 22 23]
[0 6 7 15 21 22 23]
[0 6 7 21 22 23]
[6 7 21 22 23]
[7 21 22 23]
[7 22 23]
[7 22]
[22]
[0 1 2 3 4 5 6 7 8 9 10 12 13 14 15 16 17 18 19 20 21 22 23 24]
[0 1 2 3 4 5 6 7 8 9 10 12 13 14 15 16 18 19 20 21 22 23 24]
[0 1 2 3 4 5 6 7 8 9 10 12 13 14 15 16 18 19 20 22 23 24]
[0 1 2 4 5 6 7 8 9 10 12 13 14 15 16 18 19 20 22 23 24]
[0 1 4 5 6 7 8 9 10 12 13 14 15 16 18 19 20 22 23 24]
[0 1 4 5 6 7 8 9 10 12 13 14 15 18 19 20 22 23 24]
[0 1 4 5 6 7 8 9 10 13 14 15 18 19 20 22 23 24]
[0 1 4 5 6 7 8 9 10 13 15 18 19 20 22 23 24]
[0 1 4 6 7 8 9 10 13 15 18 19 20 22 23 24]
[0 1 6 7 8 9 10 13 15 18 19 20 22 23 24]
[0 1 6 7 8 9 10 13 15 18 20 22 23 24]
[0 1 6 7 8 10 13 15 18 20 22 23 24]
[1 6 7 8 10 13 15 18 20 22 23 24]
[1 6 7 8 10 13 18 20 22 23 24]
[6 7 8 10 13 18 20 22 23 24]
[6 7 10 13 18 20 22 23 24]
[6 7 10 13 18 22 23 24]
[7 10 13 18 22 23 24]
[7 10 13 22 23 24]
[10 13 22 23 24]
[10 13 22 23]
[13 22 23]
[22 23]
[23]
[1 2 3 4 5 6 7 8 9 10 12 13 14 15 16 17 18 19 20 21 22 23 24]
[1 2 3 4 5 6 7 8 9 10 12 14 15 16 17 18 19 20 21 22 23 24]
[1 2 3 4 5 6 7 8 9 10 12 14 16 17 18 19 20 21 22 23 24]
[1 2 3 4 5 6 7 8 9 10 12 14 17 18 19 20 21 22 23 24]
[1 2 3 4 5 6 8 9 10 12 14 17 18 19 20 21 22 23 24]
[1 2 3 4 5 8 9 10 12 14 17 18 19 20 21 22 23 24]
[1 2 3 4 5 8 9 10 12 14 18 19 20 21 22 23 24]
[1 2 4 5 8 9 10 12 14 18 19 20 21 22 23 24]
[1 2 4 8 9 10 12 14 18 19 20 21 22 23 24]
[1 2 4 9 10 12 14 18 19 20 21 22 23 24]
[1 2 4 9 10 12 14 19 20 21 22 23 24]
[2 4 9 10 12 14 19 20 21 22 23 24]
[4 9 10 12 14 19 20 21 22 23 24]
[4 9 10 14 19 20 21 22 23 24]
[4 9 10 14 20 21 22 23 24]
[4 9 10 14 20 21 23 24]
[4 9 14 20 21 23 24]
[4 14 20 21 23 24]
[14 20 21 23 24]
[14 21 23 24]
[14 21 24]
[24]