[0 1 2 3 5 6 7 8 9 10 11]
[0 1 2 3 5 7 8 9 10 11]
[0 1 2 3 7 8 9 10 11]
[0 1 3 7 8 9 10 11]
[0 3 7 8 9 10 11]
[0 3 7 9 10 11]
[0 3 7 9 10]
[0 3 7 10]
[0 7 10]
[0 7]
[0]
[0 1 2 3 4 5 7 8 9 10 11]
[0 1 2 3 4 7 8 9 10 11]
[1 2 3 7 8 9 10 11]
[1 2 3 7 9 10 11]
[1 3 7 9 10 11]
[1 3 7 9 11]
[1 7 9 11]
[1 7 11]
[1 11]
[1]
[1 2 3 7 10 11]
[2 3 7 10 11]
[2 7 10 11]
[2 7 10]
[2 10]
[2]
[2 3 7 8 9 10 11]
[3 7 8 9 10 11]
[3 7 9 10 11]
[3 7 10 11]
[3 7 10]
[3 10]
[3]
[0 1 2 3 4 6 7 8 9 10 11]
[1 2 3 4 6 7 8 9 10 11]
[1 2 3 4 6 7 8 10 11]
[1 2 3 4 6 8 10 11]
[1 3 4 6 8 10 11]
[1 3 4 6 10 11]
[3 4 6 10 11]
[4 6 10 11]
[4 6 10]
[4 6]
[4]
[0 1 2 3 5 6 7 8 9 11]
[0 1 2 3 5 6 7 9 11]
[0 1 3 5 6 7 9 11]
[1 3 5 6 7 9 11]
[3 5 6 7 9 11]
[3 5 6 9 11]
[3 5 6 11]
[5 6 11]
[5 11]
[5]
[0 1 2 3 4 5 6 7 8 9 11]
[1 2 3 4 5 6 7 8 9 11]
[1 2 3 4 5 6 7 8 11]
[1 3 4 5 6 7 8 11]
[1 4 5 6 7 8 11]
[4 5 6 7 8 11]
[4 5 6 7 11]
[4 5 6 11]
[4 5 6]
[6]
[0 1 2 3 7 8 9 11]
[0 1 2 3 7 9 11]
[0 1 2 3 7 9]
[0 2 3 7 9]
[0 3 7 9]
[0 7 9]
[7]
[3 7 8 9 10]
[3 7 8 10]
[3 8 10]
[8 10]
[8]
[0 1 3 7 9 10 11]
[3 7 9 10]
[7 9 10]
[9 10]
[9]
[0 1 2 3 4 7 8 9 10]
[0 1 2 3 4 8 9 10]
[0 2 3 4 8 9 10]
[0 2 3 4 9 10]
[0 2 3 9 10]
[2 3 9 10]
[2 9 10]
[10]
[1 2 3 5 6 7 9 11]
[1 2 3 5 6 9 11]
[1 3 5 6 9 11]
[1 3 5 6 11]
[1 5 6 11]
[1 5 11]
[11]