[0 1 2 3 4 5 6 7 9 10 11 12 13 14 15 16 17 18 19]
[0 1 2 4 5 6 7 9 10 11 12 13 14 15 16 17 18 19]
[0 1 2 4 5 6 7 9 10 11 12 13 15 16 17 18 19]
[0 1 2 4 5 6 7 9 10 11 12 13 15 16 17 18]
[0 1 2 4 5 6 7 10 11 12 13 15 16 17 18]
[0 1 2 4 5 6 7 10 11 12 13 15 17 18]
[0 1 2 4 5 6 10 11 12 13 15 17 18]
[0 1 2 4 5 6 10 11 12 13 15 18]
[0 1 2 4 5 6 10 11 12 15 18]
[0 1 2 4 5 6 10 12 15 18]
[0 1 2 5 6 10 12 15 18]
[0 1 2 6 10 12 15 18]
[0 2 6 10 12 15 18]
[0 2 6 12 15 18]
[0 2 6 15 18]
[0 2 6 15]
[0 2 15]
[0 2]
[0]
[0 1 2 3 5 6 7 8 9 10 11 12 13 14 15 16 17 18 19]
[0 1 2 3 5 6 7 8 9 10 11 12 13 14 16 17 18 19]
[0 1 2 3 5 6 7 8 9 10 11 12 13 14 17 18 19]
[0 1 2 3 5 6 7 8 9 10 11 12 13 17 18 19]
[0 1 2 3 5 6 7 8 9 10 11 13 17 18 19]
[0 1 2 3 5 6 7 8 9 11 13 17 18 19]
[0 1 2 3 5 6 7 8 9 13 17 18 19]
[0 1 2 3 5 6 7 8 13 17 18 19]
[0 1 3 5 6 7 8 13 17 18 19]
[0 1 3 5 7 8 13 17 18 19]
[0 1 3 5 7 8 17 18 19]
[0 1 3 5 8 17 18 19]
[0 1 3 5 17 18 19]
[0 1 3 17 18 19]
[0 1 3 17 18]
[1 3 17 18]
[1 3 17]
[1 3]
[1]
[0 1 2 3 5 6 7 9 10 11 12 13 14 15 16 17 18 19]
[0 1 2 3 5 6 7 9 10 11 13 14 15 16 17 18 19]
[0 1 2 3 5 6 7 9 10 13 14 15 16 17 18 19]
[0 1 2 3 5 6 7 9 10 14 15 16 17 18 19]
[0 1 2 3 5 6 7 9 10 14 16 17 18 19]
[0 1 2 3 5 6 7 9 10 14 16 17 19]
[0 1 2 3 5 6 7 9 14 16 17 19]
[0 1 2 3 5 6 7 14 16 17 19]
[0 1 2 3 5 6 7 14 16 17]
[0 1 2 3 5 6 14 16 17]
[0 2 3 5 6 14 16 17]
[0 2 3 5 6 16 17]
[0 2 3 5 6 17]
[0 2 3 5 6]
[0 2 3 5]
[0 2 3]
[2 3]
[2]
[1 2 3 5 6 7 9 10 14 15 16 17 18 19]
[1 2 3 5 6 7 9 10 14 15 16 17 18]
[1 2 3 5 6 7 9 10 14 16 17 18]
[1 2 3 5 6 7 9 10 14 16 18]
[1 2 3 5 6 7 10 14 16 18]
[1 2 3 5 7 10 14 16 18]
[1 2 3 5 10 14 16 18]
[1 2 3 5 10 14 18]
[1 2 3 5 10 18]
[1 2 3 5 18]
[1 2 3 5]
[1 2 3]
[3]
[0 1 2 3 4 5 6 8 9 10 11 12 13 14 15 16 17 18 19]
[0 1 2 4 5 6 8 9 10 11 12 13 14 15 16 17 18 19]
[0 2 4 5 6 8 9 10 11 12 13 14 15 16 17 18 19]
[0 2 4 5 6 8 9 10 11 12 14 15 16 17 18 19]
[0 4 5 6 8 9 10 11 12 14 15 16 17 18 19]
[0 4 5 6 8 9 10 12 14 15 16 17 18 19]
[0 4 5 6 8 9 10 12 15 16 17 18 19]
[0 4 5 6 8 9 10 12 16 17 18 19]
[0 4 5 6 8 9 10 12 17 18 19]
[0 4 5 6 9 10 12 17 18 19]
[0 4 5 6 9 12 17 18 19]
[0 4 5 6 12 17 18 19]
[0 4 5 6 12 17 19]
[0 4 5 6 17 19]
[0 4 5 6 19]
[4 5 6 19]
[4 6 19]
[4 6]
[4]
[0 1 2 3 4 5 6 7 9 10 11 12 13 14 16 17 18 19]
[0 1 2 3 4 5 6 7 9 10 12 13 14 16 17 18 19]
[0 1 2 3 4 5 6 7 9 10 12 13 14 16 18 19]
[0 1 2 3 4 5 6 7 9 10 12 13 14 16 18]
[0 1 2 3 4 5 6 7 9 10 12 13 16 18]
[0 1 2 3 4 5 6 7 10 12 13 16 18]
[0 1 2 3 4 5 6 7 10 12 16 18]
[0 1 2 3 4 5 6 7 10 16 18]
[0 1 2 3 4 5 6 7 10 18]
[0 1 2 3 4 5 6 7 18]
[0 1 2 3 4 5 6 7]
[0 1 2 3 4 5 6]
[0 2 3 4 5 6]
[2 3 4 5 6]
[2 3 5 6]
[2 5 6]
[5 6]
[5]
[0 1 2 3 4 5 6 7 8 9 10 11 13 14 15 16 17 18 19]
[0 1 2 3 4 5 6 7 8 10 11 13 14 15 16 17 18 19]
[0 1 2 3 4 5 6 7 8 11 13 14 15 16 17 18 19]
[0 1 2 3 4 5 6 7 8 11 13 14 16 17 18 19]
[0 1 2 3 4 5 6 7 8 11 13 14 17 18 19]
[0 1 2 3 4 5 6 7 8 11 13 14 17 18]
[0 1 2 3 4 5 6 7 8 11 14 17 18]
[0 1 2 3 4 5 6 7 8 11 14 18]
[0 1 2 3 4 5 6 7 8 14 18]
[0 1 2 3 4 5 6 7 14 18]
[0 1 2 4 5 6 7 18]
[0 2 4 5 6 7 18]
[0 2 4 5 6 7]
[0 4 5 6 7]
[0 4 5 6]
[0 4 6]
[6]
[0 1 2 3 5 6 7 8 9 10 12 13 14 15 16 17 18 19]
[0 1 2 3 5 6 7 8 9 10 13 14 15 16 17 18 19]
[0 1 2 3 5 6 7 8 9 10 14 15 16 17 18 19]
[0 1 2 3 5 6 7 8 9 10 14 15 16 18 19]
[0 1 2 3 5 6 7 8 9 10 14 16 18 19]
[0 1 2 3 5 6 7 8 9 10 14 16 18]
[0 1 2 3 5 6 7 8 9 10 16 18]
[0 1 2 3 5 6 7 8 9 10 18]
[0 1 2 3 5 6 7 8 9 18]
[0 1 3 5 6 7 8 9 18]
[0 1 3 5 6 7 8 9]
[0 3 5 6 7 8 9]
[3 5 6 7 8 9]
[3 6 7 8 9]
[3 6 7 8]
[6 7 8]
[7 8]
[7]
[0 1 2 3 4 6 7 8 9 10 11 12 13 14 15 16 17 18 19]
[0 1 2 4 6 7 8 9 10 11 12 13 14 15 16 17 18 19]
[0 1 2 4 6 7 8 9 11 12 13 14 15 16 17 18 19]
[0 1 4 6 7 8 9 11 12 13 14 15 16 17 18 19]
[0 1 4 6 7 8 9 11 12 13 14 15 16 17 19]
[1 4 6 7 8 9 11 12 13 14 15 16 17 19]
[1 6 7 8 9 11 12 13 14 15 16 17 19]
[1 6 7 8 9 11 13 14 15 16 17 19]
[1 6 7 8 9 11 13 15 16 17 19]
[1 7 8 9 11 13 15 16 17 19]
[1 7 8 9 13 15 16 17 19]
[1 7 8 9 13 15 17 19]
[1 7 8 9 15 17 19]
[7 8 9 15 17 19]
[7 8 15 17 19]
[7 8 15 19]
[7 8 19]
[8]
[0 1 2 3 4 5 6 7 8 9 10 11 12 13 14 15 17 18 19]
[0 1 2 3 4 5 7 8 9 10 11 12 13 14 15 17 18 19]
[0 1 2 3 4 5 7 8 9 10 12 13 14 15 17 18 19]
[0 1 2 3 4 5 7 8 9 10 12 13 14 15 17 18]
[0 1 2 3 4 5 7 8 9 10 12 13 14 15 18]
[0 1 2 3 4 5 7 8 9 10 13 14 15 18]
[0 1 2 3 4 7 8 9 10 13 14 15 18]
[0 1 2 3 7 8 9 10 13 14 15 18]
[0 1 2 3 7 8 9 10 13 15 18]
[0 1 3 7 8 9 10 13 15 18]
[0 1 3 7 8 9 10 15 18]
[0 3 7 8 9 10 15 18]
[0 7 8 9 10 15 18]
[7 8 9 10 15 18]
[7 8 9 10 18]
[7 8 9 10]
[8 9 10]
[9 10]
[9]
[0 1 2 3 4 5 7 8 9 10 11 12 13 14 15 16 17 18 19]
[0 1 2 3 4 5 7 9 10 11 12 13 14 15 16 17 18 19]
[0 1 2 3 4 5 7 9 10 11 12 13 14 16 17 18 19]
[0 1 2 3 4 5 7 9 10 11 12 13 16 17 18 19]
[0 1 2 3 5 7 9 10 11 12 13 16 17 18 19]
[0 1 3 5 7 9 10 11 12 13 16 17 18 19]
[0 3 5 7 9 10 11 12 13 16 17 18 19]
[0 3 5 9 10 11 12 13 16 17 18 19]
[0 3 5 9 10 11 12 16 17 18 19]
[0 3 9 10 11 12 16 17 18 19]
[0 3 9 10 11 12 16 17 18]
[0 3 9 10 11 12 16 18]
[0 3 9 10 11 12 18]
[0 3 9 10 11 18]
[0 3 9 10 11]
[0 9 10 11]
[9 10 11]
[10]
[0 1 2 3 4 5 6 8 10 11 12 13 14 15 16 17 18 19]
[0 1 2 3 4 6 8 10 11 12 13 14 15 16 17 18 19]
[0 1 2 4 6 8 10 11 12 13 14 15 16 17 18 19]
[0 1 2 6 8 10 11 12 13 14 15 16 17 18 19]
[0 1 2 6 8 10 11 12 13 15 16 17 18 19]
[0 1 6 8 10 11 12 13 15 16 17 18 19]
[0 1 8 10 11 12 13 15 16 17 18 19]
[0 1 10 11 12 13 15 16 17 18 19]
[0 10 11 12 13 15 16 17 18 19]
[0 10 11 12 15 16 17 18 19]
[0 10 11 12 15 16 18 19]
[0 10 11 12 15 16 19]
[0 10 11 12 16 19]
[0 10 11 12 19]
[10 11 12 19]
[10 11 12]
[10 11]
[11]
[0 1 2 3 4 5 8 9 10 11 12 13 14 15 16 17 18 19]
[0 1 2 4 5 8 9 10 11 12 13 14 15 16 17 18 19]
[0 1 2 4 5 8 9 10 11 12 13 14 15 17 18 19]
[0 1 4 5 8 9 10 11 12 13 14 15 17 18 19]
[0 1 4 5 8 10 11 12 13 14 15 17 18 19]
[0 1 4 5 10 11 12 13 14 15 17 18 19]
[0 1 4 5 10 11 12 13 14 15 17 19]
[0 4 5 10 11 12 13 14 15 17 19]
[0 5 10 11 12 13 14 15 17 19]
[0 10 11 12 13 14 15 17 19]
[0 10 11 12 13 14 15 17]
[0 10 11 12 14 15 17]
[0 10 11 12 15 17]
[0 11 12 15 17]
[0 11 12 15]
[11 12 15]
[12 15]
[12]
[0 1 2 3 5 6 8 9 10 11 12 13 14 15 16 17 18 19]
[0 1 2 5 6 8 9 10 11 12 13 14 15 16 17 18 19]
[0 1 2 5 8 9 10 11 12 13 14 15 16 17 18 19]
[0 1 5 8 9 10 11 12 13 14 15 16 17 18 19]
[0 1 8 9 10 11 12 13 14 15 16 17 18 19]
[0 1 8 9 10 12 13 14 15 16 17 18 19]
[0 1 8 9 10 12 13 14 15 17 18 19]
[0 1 8 9 10 12 13 15 17 18 19]
[0 1 8 10 12 13 15 17 18 19]
[0 1 8 12 13 15 17 18 19]
[0 8 12 13 15 17 18 19]
[0 8 13 15 17 18 19]
[0 13 15 17 18 19]
[0 13 15 17 18]
[13 15 17 18]
[13 15 17]
[13 15]
[13]
[0 1 2 3 5 6 8 9 11 12 13 14 15 16 17 18 19]
[0 1 2 3 5 6 8 9 12 13 14 15 16 17 18 19]
[0 1 2 3 6 8 9 12 13 14 15 16 17 18 19]
[0 1 2 3 6 9 12 13 14 15 16 17 18 19]
[1 2 3 6 9 12 13 14 15 16 17 18 19]
[2 3 6 9 12 13 14 15 16 17 18 19]
[2 3 6 12 13 14 15 16 17 18 19]
[2 3 6 12 14 15 16 17 18 19]
[2 3 12 14 15 16 17 18 19]
[2 3 12 14 15 16 17 19]
[3 12 14 15 16 17 19]
[3 14 15 16 17 19]
[3 14 16 17 19]
[14 16 17 19]
[14 17 19]
[14 19]
[14]
[0 1 2 3 4 6 8 9 10 11 12 13 14 15 16 17 18 19]
[0 1 2 3 4 8 9 10 11 12 13 14 15 16 17 18 19]
[0 1 2 3 4 8 9 11 12 13 14 15 16 17 18 19]
[0 1 2 3 8 9 11 12 13 14 15 16 17 18 19]
[0 1 2 8 9 11 12 13 14 15 16 17 18 19]
[0 2 8 9 11 12 13 14 15 16 17 18 19]
[0 8 9 11 12 13 14 15 16 17 18 19]
[0 8 9 11 12 13 14 15 16 17 19]
[0 8 11 12 13 14 15 16 17 19]
[0 8 12 13 14 15 16 17 19]
[0 8 12 13 15 16 17 19]
[0 12 13 15 16 17 19]
[0 13 15 16 17 19]
[0 13 15 17 19]
[0 13 15 17]
[15]
[0 1 2 3 4 5 6 7 8 10 11 12 13 14 15 16 17 18 19]
[0 1 2 3 4 5 7 8 10 11 13 14 15 16 17 18 19]
[0 1 2 3 5 7 8 10 11 13 14 15 16 17 18 19]
[0 1 2 3 5 7 8 10 11 13 14 15 16 17 19]
[0 1 2 3 5 8 10 11 13 14 15 16 17 19]
[0 2 3 5 8 10 11 13 14 15 16 17 19]
[0 2 3 5 8 10 11 14 15 16 17 19]
[0 2 3 8 10 11 14 15 16 17 19]
[0 2 3 10 11 14 15 16 17 19]
[2 3 10 11 14 15 16 17 19]
[2 3 10 14 15 16 17 19]
[3 10 14 15 16 17 19]
[14 15 16 17 19]
[15 16 17 19]
[16 17 19]
[16 19]
[16]
[0 1 2 3 4 8 10 11 12 13 14 15 16 17 18 19]
[0 1 2 4 8 10 11 12 13 14 15 16 17 18 19]
[0 1 2 4 8 10 12 13 14 15 16 17 18 19]
[0 1 2 8 10 12 13 14 15 16 17 18 19]
[0 1 2 8 12 13 14 15 16 17 18 19]
[1 2 8 12 13 14 15 16 17 18 19]
[1 8 12 13 14 15 16 17 18 19]
[1 8 13 14 15 16 17 18 19]
[1 13 14 15 16 17 18 19]
[1 13 15 16 17 18 19]
[13 15 16 17 18 19]
[13 15 17 18 19]
[13 15 17 19]
[13 17]
[17]
[0 1 2 3 4 5 6 7 9 10 11 12 13 14 15 17 18 19]
[0 1 2 3 4 5 6 7 9 10 11 13 14 15 17 18 19]
[0 1 3 4 5 6 7 9 10 11 13 14 15 17 18 19]
[0 1 3 5 6 7 9 10 11 13 14 15 17 18 19]
[0 1 3 5 6 7 9 10 11 13 14 17 18 19]
[0 1 3 5 6 9 10 11 13 14 17 18 19]
[0 1 3 5 6 9 10 11 13 17 18 19]
[0 1 3 6 9 10 11 13 17 18 19]
[0 1 3 6 9 10 13 17 18 19]
[0 1 3 9 10 13 17 18 19]
[0 1 3 10 13 17 18 19]
[0 1 3 13 17 18 19]
[0 1 17 18 19]
[0 17 18 19]
[17 18 19]
[18 19]
[18]
[1 2 4 8 10 11 12 13 14 15 16 17 18 19]
[1 2 4 8 10 11 13 14 15 16 17 18 19]
[1 4 8 10 11 13 14 15 16 17 18 19]
[1 4 8 11 13 14 15 16 17 18 19]
[1 4 8 11 14 15 16 17 18 19]
[1 4 8 14 15 16 17 18 19]
[4 8 14 15 16 17 18 19]
[8 14 15 16 17 18 19]
[14 15 16 17 18 19]
[14 16 17 18 19]
[16 17 18 19]
[17 19]
[19]