[0 2 3 4 5 6 7 8 9]
[0 2 3 4 5 6 7 8]
[0 2 3 4 6 7 8]
[0 2 3 4 6 8]
[0 3 4 6 8]
[0 3 6 8]
[0 3 8]
[0 8]
[0]
[0 1 2 3 4 6 7 8 9]
[0 1 2 3 4 6 7 9]
[1 2 3 4 6 7 9]
[1 2 4 6 7 9]
[1 2 4 6 9]
[1 4 6 9]
[1 6 9]
[1 9]
[1]
[0 1 2 3 4 5 7 8 9]
[0 2 3 4 5 7 8 9]
[2 3 4 5 7 8 9]
[2 3 4 5 8 9]
[2 3 4 5 9]
[2 3 5 9]
[2 5 9]
[2 9]
[2]
[0 1 2 3 5 6 7 8 9]
[0 1 2 3 5 7 8 9]
[0 1 2 3 5 8 9]
[0 2 3 5 8 9]
[0 2 3 8 9]
[0 3 8 9]
[3 8 9]
[3 8]
[3]
[0 1 2 4 5 6 7 8 9]
[0 1 2 4 5 6 7 9]
[0 1 2 4 5 6 9]
[0 1 4 5 6 9]
[1 4 5 6 9]
[1 4 5 9]
[4 5 9]
[4 9]
[4]
[0 2 3 4 5 6 7 9]
[2 3 4 5 6 7 9]
[2 4 5 6 7 9]
[2 4 5 6 9]
[2 4 5 9]
[2 4 5]
[4 5]
[5]
[0 1 2 4 5 6 7 8]
[0 1 4 5 6 7 8]
[0 1 4 5 6 7]
[0 1 5 6 7]
[0 1 6 7]
[1 6 7]
[1 6]
[6]
[0 2 4 5 6 7 8 9]
[2 4 5 6 7 8 9]
[4 5 6 7 8 9]
[5 6 7 8 9]
[6 7 8 9]
[6 7 9]
[6 7]
[7]
[0 2 3 5 6 7 8 9]
[0 2 3 6 7 8 9]
[0 2 3 7 8 9]
[0 3 7 8 9]
[0 3 7 8]
[8]
[1 2 3 4 5 6 7 8 9]
[1 2 3 4 5 7 8 9]
[1 2 3 4 5 7 9]
[1 2 3 4 5 9]
[1 2 3 4 9]
[1 2 3 9]
[1 2 9]
[9]