[0 1 2 3 4 5 6 7 8 10 11 12 13 14]
[0 1 2 3 4 5 6 7 8 10 12 13 14]
[0 1 2 3 4 5 6 7 8 12 13 14]
[0 1 2 3 4 5 6 7 8 12 14]
[0 1 2 3 4 5 6 7 8 14]
[0 1 2 3 4 6 7 8 14]
[0 1 2 3 4 6 7 14]
[0 1 2 3 4 6 14]
[0 1 2 4 6 14]
[0 1 4 6 14]
[0 1 6 14]
[0 6 14]
[0 6]
[0]
[0 1 2 3 4 5 6 7 8 12 13]
[0 1 2 3 4 5 6 7 8 13]
[0 1 2 3 4 5 6 7 13]
[0 1 2 3 5 6 7 13]
[0 1 2 3 5 7 13]
[0 1 2 3 7 13]
[0 1 3 7 13]
[0 1 3 13]
[0 1 3]
[1 3]
[1]
[0 1 2 3 6 7 8 14]
[0 1 2 3 6 7 14]
[0 1 2 3 7 14]
[0 1 2 3 14]
[0 1 2 14]
[0 2 14]
[2 14]
[2]
[0 1 2 3 5 6 13]
[0 1 2 3 5 13]
[0 1 3 5 13]
[0 1 3 5]
[1 3 5]
[3]
[0 1 2 3 4 5 6 7 8 9 10 11 12 13]
[0 1 2 3 4 5 6 7 8 9 10 11 13]
[0 1 2 3 4 5 6 7 8 10 11 13]
[0 1 2 3 4 5 6 7 10 11 13]
[0 1 2 3 4 5 6 7 10 13]
[0 1 2 4 5 6 7 10 13]
[0 1 4 5 6 7 10 13]
[0 1 4 5 6 7 13]
[0 1 4 6 7 13]
[0 4 6 7 13]
[0 4 6 13]
[4 6 13]
[4 6]
[4]
[0 1 3 4 5 6 7 8 13]
[1 3 4 5 6 7 8 13]
[1 3 5 6 7 8 13]
[1 3 5 7 8 13]
[1 3 5 7 13]
[3 5 7 13]
[3 5 7]
[3 5]
[5]
[0 1 2 4 5 6 7 13]
[0 1 4 6 13]
[0 4 6]
[6]
[0 1 4 5 7 13]
[0 1 4 5 7]
[1 4 5 7]
[1 5 7]
[5 7]
[7]
[0 1 2 3 4 5 7 8 9 10 11 12 13 14]
[0 1 2 3 4 5 8 9 10 11 12 13 14]
[0 1 2 3 5 8 9 10 11 12 13 14]
[0 1 2 5 8 9 10 11 12 13 14]
[0 2 5 8 9 10 11 12 13 14]
[0 2 5 8 9 10 12 13 14]
[0 5 8 9 10 12 13 14]
[0 5 8 9 10 13 14]
[0 5 8 9 10 13]
[5 8 9 10 13]
[5 8 9 13]
[8 9 13]
[8 9]
[8]
[1 2 3 4 5 6 7 8 9 10 11 12 13 14]
[2 3 4 5 6 7 8 9 10 11 12 13 14]
[2 4 5 6 7 8 9 10 11 12 13 14]
[2 4 6 7 8 9 10 11 12 13 14]
[4 6 7 8 9 10 11 12 13 14]
[4 7 8 9 10 11 12 13 14]
[4 8 9 10 11 12 13 14]
[8 9 10 11 12 13 14]
[8 9 10 11 12 14]
[8 9 10 12 14]
[8 9 12 14]
[8 9 12]
[9 12]
[9]
[4 7 8 10 11 12 13 14]
[7 8 10 11 12 13 14]
[8 10 11 12 13 14]
[8 10 11 13 14]
[10 11 13 14]
[10 11 13]
[10 13]
[10]
[8 10 11 12 14]
[10 11 12 14]
[10 11 12]
[10 11]
[11]
[0 2 8 9 10 11 12 13 14]
[0 8 9 10 11 12 13 14]
[9 10 11 12 13 14]
[9 10 11 12 13]
[9 11 12 13]
[9 11 12]
[12]
[1 2 3 4 5 6 7 8 10 11 12 13 14]
[1 3 4 5 6 7 8 10 11 12 13 14]
[1 3 4 5 6 7 8 10 12 13 14]
[1 3 4 5 6 7 8 10 12 13]
[1 3 4 5 6 8 10 12 13]
[1 4 5 6 8 10 12 13]
[1 4 5 6 8 10 13]
[1 4 5 6 10 13]
[1 4 6 10 13]
[4 6 10 13]
[4 10 13]
[4 13]
[13]
[0 2 8 9 10 11 12 14]
[0 2 8 9 10 11 14]
[0 2 9 10 11 14]
[0 2 9 10 14]
[0 2 10 14]
[0 14]
[14]