[0 1 2 3 4 5 6 7 8 9 10 11 12 13 14 16 17 18 19]
[0 1 2 3 4 5 6 7 8 9 11 12 13 14 16 17 18 19]
[0 1 2 3 4 5 6 7 8 9 11 13 14 16 17 18 19]
[0 1 2 3 5 6 7 8 9 11 13 14 16 17 18 19]
[0 1 2 3 5 7 8 9 11 13 14 16 17 18 19]
[0 1 2 3 5 7 8 11 13 14 16 17 18 19]
[0 1 3 5 7 8 11 13 14 16 17 18 19]
[0 1 3 5 7 8 11 13 14 17 18 19]
[0 1 3 5 8 11 13 14 17 18 19]
[0 3 5 8 11 13 14 17 18 19]
[0 3 5 8 11 13 14 18 19]
[0 3 8 11 13 14 18 19]
[0 3 8 11 13 14 19]
[0 3 8 11 13 14]
[0 3 8 11 14]
[0 3 8 14]
[0 3 14]
[0 3]
[0]
[0 1 2 3 4 5 6 7 8 9 10 12 13 14 15 16 17 18 19]
[0 1 2 3 4 5 6 7 8 9 10 12 13 14 15 16 18 19]
[0 1 2 3 4 5 6 7 8 10 12 13 14 15 16 18 19]
[0 1 2 3 4 5 6 7 10 12 13 14 15 16 18 19]
[0 1 2 3 4 5 6 7 10 12 13 14 16 18 19]
[0 1 2 3 4 5 6 7 10 12 13 14 16 19]
[0 1 2 4 5 6 7 10 12 13 14 16 19]
[0 1 2 4 6 7 10 12 13 14 16 19]
[0 1 2 4 6 7 12 13 14 16 19]
[0 1 2 4 6 12 13 14 16 19]
[1 2 4 6 12 13 14 16 19]
[1 2 4 6 12 13 14 16]
[1 2 4 12 13 14 16]
[1 2 4 12 14 16]
[1 2 4 14 16]
[1 2 4 16]
[1 2 4]
[1 2]
[1]
[0 1 2 3 5 6 7 8 9 10 12 13 14 15 16 17 18 19]
[0 1 2 3 5 6 8 9 10 12 13 14 15 16 17 18 19]
[0 1 2 3 5 8 9 10 12 13 14 15 16 17 18 19]
[0 1 2 3 5 8 9 12 13 14 15 16 17 18 19]
[0 1 2 3 5 8 9 12 13 14 15 17 18 19]
[0 1 2 5 8 9 12 13 14 15 17 18 19]
[1 2 5 8 9 12 13 14 15 17 18 19]
[1 2 5 8 9 12 13 15 17 18 19]
[1 2 5 8 9 13 15 17 18 19]
[1 2 5 8 9 15 17 18 19]
[1 2 5 8 9 15 17 18]
[1 2 5 8 9 17 18]
[1 2 5 8 17 18]
[1 2 5 8 17]
[1 2 5 17]
[1 2 5]
[2 5]
[2]
[0 1 2 3 4 6 7 8 9 10 11 12 13 14 15 16 17 18 19]
[0 1 2 3 4 6 7 8 9 10 11 12 13 14 15 16 17 18]
[0 2 3 4 6 7 8 9 10 11 12 13 14 15 16 17 18]
[0 2 3 4 6 7 8 9 11 12 13 14 15 16 17 18]
[0 3 4 6 7 8 9 11 12 13 14 15 16 17 18]
[0 3 6 7 8 9 11 12 13 14 15 16 17 18]
[0 3 6 7 8 11 12 13 14 15 16 17 18]
[0 3 6 7 8 11 12 13 14 15 16 18]
[0 3 6 7 8 11 12 13 14 15 16]
[0 3 6 8 11 12 13 14 15 16]
[0 3 8 11 12 13 14 15 16]
[0 3 11 12 13 14 15 16]
[0 3 11 12 14 15 16]
[0 3 11 12 15 16]
[0 3 12 15 16]
[0 3 12 15]
[3 12 15]
[3 12]
[3]
[0 1 2 3 4 5 6 7 8 9 10 11 12 13 14 15 16 17 18]
[0 1 2 3 4 5 6 7 8 9 10 11 12 13 14 16 17 18]
[0 1 2 3 4 5 7 8 9 10 11 12 13 14 16 17 18]
[0 1 3 4 5 7 8 9 10 11 12 13 14 16 17 18]
[1 3 4 5 7 8 9 10 11 12 13 14 16 17 18]
[1 4 5 7 8 9 10 11 12 13 14 16 17 18]
[1 4 5 7 8 9 10 11 12 13 16 17 18]
[1 4 5 7 9 10 11 12 13 16 17 18]
[1 4 5 7 9 10 11 12 13 16 17]
[1 4 5 7 9 10 11 12 16 17]
[1 4 5 9 10 11 12 16 17]
[1 4 9 10 11 12 16 17]
[1 4 9 10 11 12 17]
[1 4 10 11 12 17]
[1 4 10 11 12]
[1 4 10 12]
[1 4 10]
[1 4]
[4]
[0 1 2 4 5 6 7 8 9 10 12 13 14 15 16 18 19]
[0 1 2 4 5 6 7 8 9 10 13 14 15 16 18 19]
[0 1 2 4 5 6 7 8 9 10 13 14 15 16 19]
[0 1 2 4 5 7 8 9 10 13 14 15 16 19]
[0 1 2 4 5 7 8 9 10 13 14 15 16]
[0 1 2 4 5 7 8 10 13 14 15 16]
[0 2 4 5 7 8 10 13 14 15 16]
[0 2 4 5 7 8 10 14 15 16]
[0 2 4 5 7 10 14 15 16]
[0 2 4 5 7 10 15 16]
[0 2 4 5 7 10 15]
[0 2 5 7 10 15]
[2 5 7 10 15]
[2 5 7 15]
[2 5 15]
[5]
[0 1 2 3 5 6 7 8 9 10 11 12 13 14 15 16 17 18]
[0 1 2 3 5 6 7 8 9 10 11 12 13 14 15 17 18]
[0 1 2 3 6 7 8 9 10 11 12 13 14 15 17 18]
[0 1 3 6 7 8 9 10 11 12 13 14 15 17 18]
[0 1 3 6 7 8 9 11 12 13 14 15 17 18]
[1 3 6 7 8 9 11 12 13 14 15 17 18]
[1 3 6 7 9 11 12 13 14 15 17 18]
[1 3 6 7 9 11 12 14 15 17 18]
[1 3 6 7 9 11 12 14 15 18]
[1 3 6 7 9 11 12 15 18]
[1 6 7 9 11 12 15 18]
[1 6 9 11 12 15 18]
[6 9 11 12 15 18]
[6 11 12 15 18]
[6 11 15 18]
[6 15 18]
[6 15]
[6]
[0 1 2 3 4 5 6 7 8 9 11 12 13 14 15 16 17 18 19]
[0 1 2 3 4 5 6 7 8 9 12 13 14 15 16 17 18 19]
[0 1 3 4 5 6 7 8 9 12 13 14 15 16 17 18 19]
[0 1 3 4 5 6 7 8 9 12 13 14 15 16 17 19]
[0 1 3 5 6 7 8 9 12 13 14 15 16 17 19]
[0 1 3 5 6 7 8 9 12 13 14 16 17 19]
[0 3 5 6 7 8 9 12 13 14 16 17 19]
[3 5 6 7 8 9 12 13 14 16 17 19]
[3 5 6 7 8 9 12 13 16 17 19]
[3 5 6 7 8 9 12 13 16 19]
[5 6 7 8 9 12 13 16 19]
[5 7 8 9 12 13 16 19]
[5 7 8 9 13 16 19]
[5 7 8 9 13 16]
[5 7 8 13 16]
[5 7 8 16]
[7 8 16]
[7 16]
[7]
[0 1 2 3 4 5 6 7 8 9 10 11 12 13 16 17 18 19]
[0 1 2 3 4 5 6 7 8 10 11 12 13 16 17 18 19]
[0 2 3 4 5 6 7 8 10 11 12 13 16 17 18 19]
[0 2 3 4 5 6 7 8 10 11 12 16 17 18 19]
[0 2 3 5 6 7 8 10 11 12 16 17 18 19]
[0 2 3 5 7 8 10 11 12 16 17 18 19]
[0 2 3 5 7 8 10 11 12 17 18 19]
[0 2 3 7 8 10 11 12 17 18 19]
[0 2 3 7 8 10 12 17 18 19]
[0 2 3 7 8 10 12 18 19]
[0 2 3 7 8 10 12 18]
[0 2 7 8 10 12 18]
[0 2 7 8 10 18]
[0 2 7 8 18]
[0 7 8 18]
[7 8 18]
[7 8]
[8]
[0 1 2 3 4 5 6 7 8 9 10 11 12 13 14 15 16 17 19]
[0 1 2 3 4 5 6 7 9 10 11 12 13 14 15 16 17 19]
[0 2 3 4 5 6 7 9 10 11 12 13 14 15 16 17 19]
[0 2 3 4 5 6 7 9 10 11 12 13 15 16 17 19]
[0 2 3 4 6 7 9 10 11 12 13 15 16 17 19]
[2 3 4 6 7 9 10 11 12 13 15 16 17 19]
[2 3 4 6 7 9 10 12 13 15 16 17 19]
[2 3 4 6 7 9 10 12 13 16 17 19]
[2 3 4 6 7 9 10 12 13 17 19]
[2 4 6 7 9 10 12 13 17 19]
[2 4 6 7 9 10 13 17 19]
[2 4 6 7 9 10 13 19]
[2 6 7 9 10 13 19]
[2 7 9 10 13 19]
[7 9 10 13 19]
[7 9 13 19]
[7 9 13]
[7 9]
[9]
[0 1 2 3 4 5 6 7 8 9 10 11 12 13 14 16 18]
[0 1 2 3 4 5 6 7 8 9 10 11 12 14 16 18]
[0 1 2 3 4 5 6 7 8 9 10 11 12 16 18]
[0 1 2 3 4 5 6 8 9 10 11 12 16 18]
[0 1 2 3 4 5 6 8 9 10 11 16 18]
[0 1 3 4 5 6 8 9 10 11 16 18]
[0 1 3 4 5 8 9 10 11 16 18]
[1 3 4 5 8 9 10 11 16 18]
[1 4 5 8 9 10 11 16 18]
[4 5 8 9 10 11 16 18]
[4 5 9 10 11 16 18]
[4 9 10 11 16 18]
[4 9 10 11 18]
[4 9 10 18]
[4 10 18]
[4 10]
[10]
[0 3 4 6 7 8 9 10 11 12 13 14 15 16 17 18]
[0 3 4 6 7 8 9 10 11 12 14 15 16 17 18]
[0 3 4 6 8 9 10 11 12 14 15 16 17 18]
[0 3 4 6 8 9 10 11 12 14 15 16 17]
[0 3 4 6 8 10 11 12 14 15 16 17]
[0 3 4 6 8 10 11 12 14 15 17]
[0 3 4 6 8 10 11 12 14 17]
[0 3 4 6 10 11 12 14 17]
[0 3 4 6 10 11 14 17]
[0 3 4 6 10 11 17]
[0 3 4 6 11 17]
[3 4 6 11 17]
[3 4 6 11]
[4 6 11]
[4 11]
[11]
[0 1 2 3 4 6 7 8 9 11 12 13 14 15 16 17 18 19]
[1 2 3 4 6 7 8 9 11 12 13 14 15 16 17 18 19]
[1 2 3 4 6 7 8 9 11 12 13 14 15 16 18 19]
[1 2 3 4 6 7 8 9 11 12 13 14 16 18 19]
[1 2 3 4 6 7 8 9 11 12 13 14 18 19]
[1 2 3 4 6 7 8 11 12 13 14 18 19]
[1 2 3 4 6 7 8 12 13 14 18 19]
[1 3 4 6 7 8 12 13 14 18 19]
[1 3 4 6 7 8 12 13 14 18]
[1 3 4 6 7 8 12 14 18]
[1 3 4 6 7 12 14 18]
[1 3 4 6 12 14 18]
[1 3 4 12 14 18]
[3 4 12 14 18]
[3 4 12 18]
[3 12 18]
[12]
[0 1 2 3 4 5 6 7 9 12 13 14 15 16 17 18 19]
[0 1 2 3 4 5 6 7 9 12 13 14 15 16 17 18]
[0 1 2 3 4 5 6 7 9 12 13 15 16 17 18]
[0 1 2 3 4 5 6 7 9 12 13 16 17 18]
[0 1 2 3 4 6 7 9 12 13 16 17 18]
[0 1 2 3 6 7 9 12 13 16 17 18]
[0 1 2 3 7 9 12 13 16 17 18]
[0 1 2 3 7 9 12 13 16 18]
[0 1 2 3 7 9 12 13 16]
[0 1 3 7 9 12 13 16]
[0 1 3 7 9 13 16]
[0 1 7 9 13 16]
[1 7 9 13 16]
[7 9 13 16]
[7 13 16]
[7 13]
[13]
[0 1 2 3 4 5 6 7 9 10 11 12 13 14 15 16 17 18 19]
[0 1 2 3 4 5 6 7 9 11 12 13 14 15 16 17 19]
[0 1 2 3 4 5 6 7 11 12 13 14 15 16 17 19]
[0 1 2 3 4 5 6 7 11 12 13 14 16 17 19]
[0 1 2 3 4 5 6 7 11 12 14 16 17 19]
[0 1 2 3 4 5 6 7 11 12 14 16 19]
[0 1 2 3 5 6 7 11 12 14 16 19]
[0 1 3 5 6 7 11 12 14 16 19]
[0 1 3 5 6 7 11 12 14 16]
[0 1 3 6 7 11 12 14 16]
[0 1 3 6 11 12 14 16]
[0 1 3 11 12 14 16]
[0 1 3 11 12 14]
[0 1 3 12 14]
[0 1 12 14]
[1 12 14]
[12 14]
[14]
[0 1 2 3 4 5 6 7 9 11 12 13 14 15 16 17 18 19]
[1 2 3 4 5 6 7 9 11 12 13 14 15 16 17 18 19]
[1 2 3 4 5 6 7 9 11 12 13 14 15 16 17 19]
[1 2 3 5 6 7 9 11 12 13 14 15 16 17 19]
[1 2 3 5 6 7 9 11 12 13 14 15 17 19]
[2 3 5 6 7 9 11 12 13 14 15 17 19]
[2 3 5 6 7 9 11 12 13 15 17 19]
[2 3 5 6 7 9 11 12 15 17 19]
[2 3 5 6 7 11 12 15 17 19]
[2 3 5 6 7 11 15 17 19]
[2 3 5 6 7 11 15 19]
[2 3 5 6 11 15 19]
[2 3 5 6 15 19]
[3 5 6 15 19]
[3 5 6 15]
[3 6 15]
[3 15]
[15]
[0 1 2 3 4 5 7 8 9 10 11 12 13 14 16 17 18 19]
[1 3 4 5 7 8 10 11 12 13 14 16 17 18]
[1 3 4 5 7 10 11 12 13 14 16 17 18]
[1 3 4 5 7 10 12 13 14 16 17 18]
[1 3 4 5 7 10 13 14 16 17 18]
[1 3 4 5 7 10 13 14 16 17]
[1 3 4 7 10 13 14 16 17]
[1 3 7 10 13 14 16 17]
[1 3 7 10 13 16 17]
[1 3 7 13 16 17]
[1 3 7 13 16]
[1 3 7 16]
[1 7 16]
[16]
[0 2 3 4 6 7 8 9 11 12 13 14 15 16 17 18 19]
[0 2 3 4 6 7 8 9 11 12 13 15 16 17 18 19]
[0 2 3 4 6 7 8 9 11 13 15 16 17 18 19]
[0 2 3 4 6 7 8 9 11 13 16 17 18 19]
[0 2 3 4 6 7 8 9 11 13 16 17 19]
[0 2 4 6 7 8 9 11 13 16 17 19]
[2 4 6 7 8 9 11 13 16 17 19]
[2 4 6 7 8 9 11 16 17 19]
[2 4 6 7 8 11 16 17 19]
[2 4 6 7 11 16 17 19]
[2 4 6 11 16 17 19]
[2 4 11 16 17 19]
[2 4 16 17 19]
[2 16 17 19]
[2 17 19]
[2 17]
[17]
[0 2 3 4 6 7 8 10 11 12 13 16 17 18 19]
[0 2 3 4 6 7 8 10 12 13 16 17 18 19]
[0 2 3 4 6 8 10 12 13 16 17 18 19]
[0 2 3 6 8 10 12 13 16 17 18 19]
[0 2 3 6 8 10 12 13 16 18 19]
[0 2 3 6 8 10 12 13 18 19]
[0 2 6 8 10 12 13 18 19]
[0 2 6 8 10 12 18 19]
[2 6 8 10 12 18 19]
[2 6 8 10 12 18]
[6 8 10 12 18]
[6 8 12 18]
[8 12 18]
[12 18]
[18]
[0 1 2 3 5 6 7 8 9 12 13 14 15 16 17 18 19]
[0 1 2 3 5 7 8 9 12 13 14 15 16 17 18 19]
[0 1 2 5 7 8 9 12 13 14 15 16 17 18 19]
[0 1 2 7 8 9 12 13 14 15 16 17 18 19]
[0 1 2 7 8 9 12 13 14 15 17 18 19]
[0 1 2 7 8 9 12 14 15 17 18 19]
[0 1 2 7 8 9 12 15 17 18 19]
[0 1 2 7 8 9 15 17 18 19]
[0 2 7 8 9 15 17 18 19]
[0 2 7 9 15 17 18 19]
[0 7 9 15 17 18 19]
[7 9 15 17 18 19]
[7 9 17 18 19]
[7 9 17 19]
[9 17 19]
[17 19]
[19]