[0 1 2 3 4 5 6 7 9 10 11 12 13 14 15 16 17 18 19 20 21 22 23 24]
[0 1 2 3 4 6 7 9 10 11 12 13 14 15 16 17 18 19 20 21 22 23 24]
[0 1 2 3 4 6 7 9 10 11 12 13 14 15 16 17 18 19 21 22 23 24]
[0 1 2 3 4 7 9 10 11 12 13 14 15 16 17 18 19 21 22 23 24]
[0 1 2 3 4 7 9 10 11 12 13 14 15 16 17 18 19 21 23 24]
[0 1 2 3 4 7 9 10 11 12 13 14 15 16 17 18 19 21 24]
[0 1 2 3 4 7 9 11 12 13 14 15 16 17 18 19 21 24]
[0 1 2 3 4 7 9 11 13 14 15 16 17 18 19 21 24]
[0 1 2 3 4 7 9 11 13 14 15 16 17 18 19 24]
[0 2 3 4 7 9 11 13 14 15 16 17 18 19 24]
[0 2 3 7 9 11 13 14 15 16 17 18 19 24]
[0 2 3 7 9 11 14 15 16 17 18 19 24]
[0 2 3 7 9 11 14 15 16 17 18 19]
[0 2 3 7 9 11 14 15 16 17 19]
[0 2 3 7 11 14 15 16 17 19]
[0 2 7 11 14 15 16 17 19]
[0 2 11 14 15 16 17 19]
[0 11 14 15 16 17 19]
[0 11 14 16 17 19]
[0 11 14 16 19]
[0 11 14 19]
[0 11 19]
[0 11]
[0]
[0 1 2 3 4 5 6 7 8 9 10 11 13 14 15 16 17 18 19 20 21 22 23 24]
[0 1 2 3 4 6 7 8 9 10 11 13 14 15 16 17 18 19 20 21 22 23 24]
[0 1 2 3 4 6 7 8 9 11 13 14 15 16 17 18 19 20 21 22 23 24]
[0 1 2 3 4 6 7 8 9 11 13 14 15 16 18 19 20 21 22 23 24]
[0 1 2 4 6 7 8 9 11 13 14 15 16 18 19 20 21 22 23 24]
[0 1 2 4 6 7 8 9 11 13 14 15 16 18 19 20 22 23 24]
[0 1 4 6 7 8 9 11 13 14 15 16 18 19 20 22 23 24]
[0 1 4 6 7 8 9 11 13 14 15 16 18 19 22 23 24]
[0 1 4 6 7 9 11 13 14 15 16 18 19 22 23 24]
[0 1 4 6 7 9 11 13 14 15 16 18 19 23 24]
[0 1 4 6 7 9 11 13 14 15 16 18 19 24]
[0 1 4 6 7 9 11 13 14 15 18 19 24]
[1 4 6 7 9 11 13 14 15 18 19 24]
[1 4 6 7 9 11 13 14 15 18 19]
[1 6 7 9 11 13 14 15 18 19]
[1 6 7 9 13 14 15 18 19]
[1 6 9 13 14 15 18 19]
[1 6 9 14 15 18 19]
[1 9 14 15 18 19]
[1 9 14 18 19]
[1 14 18 19]
[1 18 19]
[1 18]
[1]
[0 1 2 3 5 6 7 8 9 10 11 12 13 14 15 16 17 18 19 20 21 22 23 24]
[0 1 2 3 5 6 7 8 9 10 11 12 13 14 15 16 17 18 19 20 21 23 24]
[0 1 2 3 5 6 7 8 9 10 11 13 14 15 16 17 18 19 20 21 23 24]
[0 2 3 5 6 7 8 9 10 11 13 14 15 16 17 18 19 20 21 23 24]
[0 2 3 5 6 7 8 9 10 11 13 14 15 16 17 18 19 20 21 24]
[0 2 3 5 6 7 8 9 10 11 13 14 15 16 17 18 19 20 21]
[0 2 3 5 6 7 8 9 10 11 13 15 16 17 18 19 20 21]
[0 2 3 5 6 7 8 9 10 11 15 16 17 18 19 20 21]
[0 2 3 5 6 7 8 9 11 15 16 17 18 19 20 21]
[0 2 3 5 6 7 8 9 11 15 16 17 19 20 21]
[0 2 3 5 6 7 8 9 11 16 17 19 20 21]
[0 2 3 5 7 8 9 11 16 17 19 20 21]
[0 2 3 5 7 8 9 11 16 19 20 21]
[0 2 3 5 8 9 11 16 19 20 21]
[0 2 3 5 8 9 11 16 19 20]
[2 3 5 8 9 11 16 19 20]
[2 3 5 8 9 11 16 19]
[2 3 5 8 9 16 19]
[2 3 5 8 16 19]
[2 3 8 16 19]
[2 3 8 19]
[2 3 8]
[2 8]
[2]
[0 1 2 3 4 5 6 7 8 9 10 11 12 13 14 15 16 17 19 20 21 22 23 24]
[0 2 3 4 5 6 7 8 9 10 11 12 13 14 15 16 17 19 20 21 22 23 24]
[0 2 3 4 5 6 7 8 9 11 12 13 14 15 16 17 19 20 21 22 23 24]
[0 2 3 4 5 6 7 9 11 12 13 14 15 16 17 19 20 21 22 23 24]
[0 2 3 4 5 7 9 11 12 13 14 15 16 17 19 20 21 22 23 24]
[0 2 3 4 5 7 11 12 13 14 15 16 17 19 20 21 22 23 24]
[0 2 3 4 5 7 11 12 13 14 15 16 17 19 21 22 23 24]
[0 2 3 4 5 7 11 12 13 14 15 16 19 21 22 23 24]
[0 2 3 4 5 7 11 12 13 14 15 16 19 21 22 23]
[0 2 3 4 7 11 12 13 14 15 16 19 21 22 23]
[0 2 3 4 7 12 13 14 15 16 19 21 22 23]
[0 2 3 4 7 12 13 14 16 19 21 22 23]
[0 2 3 4 7 12 13 16 19 21 22 23]
[0 2 3 4 7 13 16 19 21 22 23]
[0 2 3 4 7 13 16 19 21 23]
[0 2 3 4 13 16 19 21 23]
[2 3 4 13 16 19 21 23]
[2 3 13 16 19 21 23]
[2 3 13 16 19 21]
[2 3 13 16 19]
[2 3 16 19]
[2 3 16]
[2 3]
[3]
[0 1 2 3 4 5 6 7 8 9 10 11 12 13 14 15 16 17 18 20 21 22 23 24]
[0 1 2 3 4 5 6 7 8 9 10 11 12 13 14 15 16 17 18 21 22 23 24]
[0 1 3 4 5 6 7 8 9 10 11 12 13 14 15 16 17 18 21 22 23 24]
[0 1 3 4 5 6 7 8 9 10 11 12 14 15 16 17 18 21 22 23 24]
[0 1 3 4 5 6 7 8 9 10 11 12 14 15 16 17 18 22 23 24]
[0 1 3 4 5 6 7 8 10 11 12 14 15 16 17 18 22 23 24]
[0 1 3 4 6 7 8 10 11 12 14 15 16 17 18 22 23 24]
[0 1 3 4 6 8 10 11 12 14 15 16 17 18 22 23 24]
[0 1 3 4 6 10 11 12 14 15 16 17 18 22 23 24]
[0 1 3 4 6 10 11 12 14 15 16 18 22 23 24]
[0 1 3 4 6 10 11 12 14 15 16 18 22 24]
[1 3 4 6 10 11 12 14 15 16 18 22 24]
[1 3 4 6 10 11 12 15 16 18 22 24]
[1 3 4 6 11 12 15 16 18 22 24]
[1 3 4 6 11 15 16 18 22 24]
[1 3 4 6 11 15 18 22 24]
[3 4 6 11 15 18 22 24]
[3 4 11 15 18 22 24]
[3 4 11 15 22 24]
[4 11 15 22 24]
[4 15 22 24]
[4 15 22]
[4 15]
[4]
[0 2 3 4 5 6 7 8 9 10 11 12 13 14 15 16 17 18 19 20 21 22 23 24]
[0 2 3 4 5 6 7 8 9 11 12 13 14 15 16 17 18 19 20 21 22 23 24]
[0 2 3 4 5 6 7 8 9 11 12 13 14 15 16 17 18 20 21 22 23 24]
[2 3 4 5 6 7 8 9 11 12 13 14 15 16 17 18 20 21 22 23 24]
[2 3 5 6 7 8 9 11 12 13 14 15 16 17 18 20 21 22 23 24]
[2 3 5 6 7 8 9 11 12 13 14 15 16 17 20 21 22 23 24]
[2 3 5 6 7 8 9 11 12 13 14 15 16 17 20 21 22 23]
[2 3 5 6 7 8 9 11 12 13 14 15 16 20 21 22 23]
[2 3 5 6 7 8 9 11 12 13 15 16 20 21 22 23]
[2 3 5 6 7 8 9 11 12 13 16 20 21 22 23]
[2 5 6 7 8 9 11 12 13 16 20 21 22 23]
[2 5 6 7 8 9 11 12 13 16 21 22 23]
[2 5 6 7 8 9 11 12 13 16 22 23]
[2 5 6 7 8 9 11 12 13 16 22]
[2 5 6 7 8 9 12 13 16 22]
[2 5 7 8 9 12 13 16 22]
[2 5 7 8 9 12 13 22]
[2 5 7 9 12 13 22]
[2 5 7 9 12 22]
[5 7 9 12 22]
[5 7 9 22]
[5 7 9]
[5 7]
[5]
[0 1 2 3 4 5 6 7 8 9 10 11 12 13 14 15 16 17 18 19 21 22 23 24]
[1 2 3 4 5 6 7 8 9 10 11 12 13 14 15 16 17 18 19 21 22 23 24]
[1 2 4 5 6 7 8 9 10 11 12 13 14 15 16 17 18 19 21 22 23 24]
[1 2 4 5 6 7 8 9 10 11 12 13 14 15 16 17 18 19 21 23 24]
[1 2 4 5 6 7 8 9 10 11 12 13 14 15 16 17 18 19 23 24]
[1 2 4 5 6 7 8 9 10 11 12 13 14 15 17 18 19 23 24]
[1 2 4 5 6 8 9 10 11 12 13 14 15 17 18 19 23 24]
[1 2 4 5 6 8 9 10 11 12 13 14 17 18 19 23 24]
[1 2 4 5 6 8 9 10 11 12 13 14 17 19 23 24]
[1 2 4 5 6 8 9 10 11 12 14 17 19 23 24]
[1 2 4 5 6 9 10 11 12 14 17 19 23 24]
[1 2 4 5 6 10 11 12 14 17 19 23 24]
[1 2 4 5 6 10 11 12 14 17 23 24]
[1 4 5 6 10 11 12 14 17 23 24]
[1 4 5 6 10 11 12 14 17 23]
[1 5 6 10 11 12 14 17 23]
[1 6 10 11 12 14 17 23]
[1 6 11 12 14 17 23]
[1 6 12 14 17 23]
[6 12 14 17 23]
[6 14 17 23]
[6 14 17]
[6 17]
[6]
[0 1 2 3 4 5 6 7 8 9 10 11 12 13 14 15 16 17 18 19 20 21 23 24]
[0 1 2 3 4 5 6 7 8 9 10 11 12 13 14 15 16 17 18 19 20 21 23]
[0 1 2 3 5 6 7 8 9 10 11 12 13 14 15 16 17 18 19 20 21 23]
[0 1 2 3 5 6 7 8 9 10 11 12 13 15 16 17 18 19 20 21 23]
[0 1 2 3 5 6 7 8 9 10 11 12 13 15 16 17 18 19 21 23]
[0 1 2 3 5 7 8 9 10 11 12 13 15 16 17 18 19 21 23]
[0 1 2 3 5 7 8 9 10 11 13 15 16 17 18 19 21 23]
[0 1 2 3 5 7 8 9 10 11 13 15 16 17 19 21 23]
[0 1 2 3 5 7 8 9 11 13 15 16 17 19 21 23]
[0 1 2 3 5 7 8 9 11 13 16 17 19 21 23]
[0 1 2 3 5 7 8 9 11 13 16 17 21 23]
[0 1 2 3 5 7 9 11 13 16 17 21 23]
[0 1 2 3 5 7 9 11 13 16 21 23]
[0 1 2 3 5 7 9 11 13 16 23]
[0 1 2 5 7 9 11 13 16 23]
[0 2 5 7 9 11 13 16 23]
[2 5 7 9 11 13 16 23]
[2 5 7 9 11 13 16]
[5 7 9 11 13 16]
[5 7 11 13 16]
[5 7 13 16]
[5 7 13]
[7]
[0 1 2 3 4 5 6 7 8 9 10 11 12 14 15 16 17 18 19 20 21 22 23 24]
[0 1 2 3 4 5 6 7 8 9 10 11 12 14 15 16 17 18 19 20 21 22 24]
[1 2 3 4 5 6 7 8 9 10 11 12 14 15 16 17 18 19 20 21 22 24]
[1 2 3 4 5 6 7 8 9 10 11 12 14 15 16 17 18 19 21 22 24]
[1 2 4 5 6 7 8 9 10 11 12 14 15 16 17 18 19 21 22 24]
[1 2 5 6 7 8 9 10 11 12 14 15 16 17 18 19 21 22 24]
[1 2 5 6 7 8 9 10 11 12 14 15 16 17 18 21 22 24]
[2 5 6 7 8 9 10 11 12 14 15 16 17 18 21 22 24]
[2 5 6 7 8 9 10 11 14 15 16 17 18 21 22 24]
[2 5 6 7 8 9 10 11 14 16 17 18 21 22 24]
[2 5 6 7 8 9 10 11 14 16 17 18 21 22]
[2 5 7 8 9 10 11 14 16 17 18 21 22]
[2 5 7 8 9 10 11 14 17 18 21 22]
[2 5 7 8 9 10 11 14 17 18 22]
[2 5 7 8 9 10 11 14 17 18]
[2 5 8 9 10 11 14 17 18]
[2 8 9 10 11 14 17 18]
[2 8 9 10 11 14 17]
[2 8 9 10 11 17]
[2 8 9 10 11]
[2 8 10 11]
[2 8 10]
[8]
[0 1 2 3 5 6 7 8 9 10 11 12 14 15 16 17 18 19 20 21 22 23 24]
[0 1 2 3 5 6 7 8 9 10 11 12 14 15 16 17 18 20 21 22 23 24]
[0 1 2 3 5 6 7 8 9 10 11 12 14 15 16 17 18 21 22 23 24]
[0 1 2 3 5 6 7 8 9 10 11 12 14 15 16 17 18 21 23 24]
[0 1 2 5 6 7 8 9 10 11 12 14 15 16 17 18 21 23 24]
[0 1 2 5 6 7 8 9 10 11 14 15 16 17 18 21 23 24]
[0 1 2 5 6 7 8 9 10 11 14 15 16 17 18 21 23]
[0 1 2 5 6 7 8 9 10 11 14 16 17 18 21 23]
[0 1 2 5 7 8 9 10 11 14 16 17 18 21 23]
[0 1 2 5 7 8 9 10 11 14 16 17 18 23]
[0 1 2 5 7 8 9 11 14 16 17 18 23]
[0 1 2 5 7 8 9 11 14 17 18 23]
[0 1 2 5 7 8 9 14 17 18 23]
[0 1 2 5 7 8 9 14 17 23]
[1 2 5 7 8 9 14 17 23]
[1 2 5 7 8 9 17 23]
[1 2 5 8 9 17 23]
[1 5 8 9 17 23]
[1 5 8 9 23]
[5 8 9 23]
[5 9 23]
[9 23]
[9]
[0 2 3 4 6 7 8 9 10 11 12 13 14 15 16 17 18 19 20 21 22 23 24]
[0 2 3 4 6 7 8 9 10 11 12 13 15 16 17 18 19 20 21 22 23 24]
[0 2 4 6 7 8 9 10 11 12 13 15 16 17 18 19 20 21 22 23 24]
[0 2 4 6 7 8 9 10 11 12 13 15 16 17 18 19 20 21 23 24]
[2 4 6 7 8 9 10 11 12 13 15 16 17 18 19 20 21 23 24]
[2 4 6 7 8 9 10 11 13 15 16 17 18 19 20 21 23 24]
[2 4 6 7 8 9 10 11 13 15 16 17 18 19 21 23 24]
[2 4 6 7 8 9 10 11 15 16 17 18 19 21 23 24]
[4 6 7 8 9 10 11 15 16 17 18 19 21 23 24]
[4 6 8 9 10 11 15 16 17 18 19 21 23 24]
[4 6 8 9 10 11 15 16 17 18 21 23 24]
[4 6 8 9 10 11 15 16 17 18 21 24]
[4 6 8 9 10 11 15 16 17 21 24]
[4 6 8 10 11 15 16 17 21 24]
[4 6 8 10 11 16 17 21 24]
[6 8 10 11 16 17 21 24]
[6 8 10 16 17 21 24]
[8 10 16 17 21 24]
[8 10 17 21 24]
[8 10 17 24]
[8 10 24]
[10 24]
[10]
[0 1 2 3 4 5 6 7 8 9 10 11 12 14 16 17 18 19 20 21 22 23 24]
[0 1 2 3 4 5 6 7 8 9 10 11 12 14 16 17 18 19 20 21 23 24]
[0 1 2 3 4 5 6 7 8 9 10 11 12 14 16 18 19 20 21 23 24]
[0 1 2 3 4 5 6 7 8 9 10 11 12 14 16 19 20 21 23 24]
[0 1 2 3 4 5 6 7 8 9 10 11 12 16 19 20 21 23 24]
[0 1 2 3 4 5 6 7 8 9 10 11 12 16 19 21 23 24]
[0 1 2 3 4 5 6 7 8 9 10 11 12 16 19 23 24]
[0 1 2 3 4 5 6 7 8 9 10 11 16 19 23 24]
[0 1 2 4 5 6 7 8 9 10 11 16 19 23 24]
[0 1 2 4 5 6 7 8 9 11 16 19 23 24]
[0 1 2 4 5 6 7 8 11 16 19 23 24]
[0 2 4 5 6 7 8 11 16 19 23 24]
[0 2 4 6 7 8 11 16 19 23 24]
[0 2 4 6 7 8 11 16 19 23]
[0 2 4 7 8 11 16 19 23]
[0 2 7 8 11 16 19 23]
[0 7 8 11 16 19 23]
[0 7 8 11 19 23]
[0 7 8 11 19]
[0 8 11 19]
[11 19]
[11]
[0 2 3 4 5 6 7 8 9 10 11 12 14 15 16 17 19 20 21 22 23 24]
[0 2 3 4 5 6 7 8 9 10 11 12 14 15 16 17 19 20 21 23 24]
[0 3 4 5 6 7 8 9 10 11 12 14 15 16 17 19 20 21 23 24]
[0 3 4 5 6 7 8 9 10 11 12 14 15 17 19 20 21 23 24]
[0 3 4 5 6 7 8 10 11 12 14 15 17 19 20 21 23 24]
[0 3 4 5 6 7 10 11 12 14 15 17 19 20 21 23 24]
[0 3 4 5 6 7 10 11 12 14 17 19 20 21 23 24]
[0 3 4 5 6 10 11 12 14 17 19 20 21 23 24]
[0 3 4 5 6 10 11 12 14 17 19 20 23 24]
[0 3 4 5 6 11 12 14 17 19 20 23 24]
[0 3 4 5 6 11 12 14 17 19 23 24]
[3 4 5 6 11 12 14 17 19 23 24]
[3 4 5 6 12 14 17 19 23 24]
[3 4 5 6 12 14 19 23 24]
[3 4 5 6 12 19 23 24]
[4 5 6 12 19 23 24]
[5 6 12 19 23 24]
[5 6 12 19 24]
[5 6 12 19]
[5 12 19]
[12 19]
[12]
[0 1 2 3 5 6 7 9 10 11 12 13 14 15 16 17 18 19 20 21 22 23 24]
[0 1 2 3 5 6 7 9 10 12 13 14 15 16 17 18 19 20 21 22 23 24]
[0 1 2 3 5 6 7 9 10 13 14 15 16 17 18 19 20 21 22 23 24]
[0 1 2 3 5 6 7 9 10 13 14 15 17 18 19 20 21 22 23 24]
[0 1 2 3 5 6 7 10 13 14 15 17 18 19 20 21 22 23 24]
[0 1 2 3 5 6 7 10 13 14 15 17 18 19 20 21 22 23]
[0 1 2 3 5 7 10 13 14 15 17 18 19 20 21 22 23]
[0 1 2 3 5 7 10 13 14 15 17 18 19 20 21 23]
[0 1 2 3 5 7 10 13 14 15 17 19 20 21 23]
[0 1 2 3 5 7 10 13 14 15 19 20 21 23]
[0 1 2 3 5 7 10 13 14 15 19 21 23]
[1 2 3 5 7 10 13 14 15 19 21 23]
[1 3 5 7 10 13 14 15 19 21 23]
[1 3 5 7 13 14 15 19 21 23]
[1 3 5 7 13 14 19 21 23]
[3 5 7 13 14 19 21 23]
[3 7 13 14 19 21 23]
[7 13 14 19 21 23]
[7 13 19 21 23]
[7 13 21 23]
[7 13 21]
[13 21]
[13]
[0 1 2 3 4 5 6 7 8 9 10 11 12 13 14 15 16 17 18 19 20 21 22 23]
[0 1 2 3 4 5 6 7 8 9 10 11 12 13 14 15 16 18 19 20 21 22 23]
[0 1 2 3 4 5 6 7 8 9 10 11 12 13 14 15 16 18 20 21 22 23]
[0 1 2 3 4 5 6 7 8 9 11 12 13 14 15 16 18 20 21 22 23]
[0 1 2 3 4 5 6 7 8 9 11 12 13 14 15 16 18 20 22 23]
[0 1 2 3 4 5 6 8 9 11 12 13 14 15 16 18 20 22 23]
[0 1 2 3 4 5 6 8 9 12 13 14 15 16 18 20 22 23]
[0 1 2 3 4 6 8 9 12 13 14 15 16 18 20 22 23]
[0 1 2 3 4 6 8 9 12 13 14 15 16 18 20 23]
[0 1 2 3 4 6 8 9 12 13 14 15 18 20 23]
[0 1 3 4 6 8 9 12 13 14 15 18 20 23]
[0 1 3 6 8 9 12 13 14 15 18 20 23]
[0 1 6 8 9 12 13 14 15 18 20 23]
[0 1 6 8 9 12 13 14 15 18 20]
[0 1 6 8 9 13 14 15 18 20]
[0 1 6 8 13 14 15 18 20]
[0 1 6 8 13 14 15 18]
[0 1 6 8 13 14 15]
[0 1 6 13 14 15]
[1 6 13 14 15]
[1 6 14 15]
[6 14 15]
[14 15]
[14]
[0 1 2 3 4 5 6 7 8 9 10 12 13 14 15 16 17 18 19 20 21 23 24]
[0 1 2 3 4 5 6 7 8 9 10 12 13 14 15 16 17 18 20 21 23 24]
[0 1 2 3 4 5 6 7 8 9 10 13 14 15 16 17 18 20 21 23 24]
[0 1 2 3 4 5 7 8 9 10 13 14 15 16 17 18 20 21 23 24]
[0 1 2 3 4 5 7 9 10 13 14 15 16 17 18 20 21 23 24]
[0 1 2 3 4 5 7 10 13 14 15 16 17 18 20 21 23 24]
[0 1 2 3 4 5 7 10 13 14 15 16 17 18 20 23 24]
[0 1 2 3 4 5 7 10 13 14 15 16 17 18 23 24]
[0 1 2 3 4 7 10 13 14 15 16 17 18 23 24]
[0 1 2 3 4 7 10 13 14 15 16 17 23 24]
[0 1 2 4 7 10 13 14 15 16 17 23 24]
[0 1 2 4 10 13 14 15 16 17 23 24]
[0 1 2 4 13 14 15 16 17 23 24]
[0 1 4 13 14 15 16 17 23 24]
[0 1 4 13 14 15 16 17 24]
[0 1 4 14 15 16 17 24]
[0 1 4 14 15 16 24]
[1 4 14 15 16 24]
[1 4 14 15 24]
[4 14 15 24]
[4 14 15]
[15]
[0 1 2 3 4 5 6 7 8 9 10 11 12 14 15 16 17 18 19 20 21 22 23]
[0 1 2 3 4 5 6 7 8 9 10 11 14 15 16 17 18 19 20 21 22 23]
[0 1 2 3 4 5 6 7 8 9 10 11 14 15 16 17 18 19 20 22 23]
[0 1 2 3 4 5 7 8 9 10 11 14 15 16 17 18 19 20 22 23]
[0 1 2 3 4 5 7 8 9 10 11 14 15 16 17 19 20 22 23]
[0 2 3 4 5 7 8 9 10 11 14 15 16 17 19 20 22 23]
[0 2 3 4 5 7 8 9 10 11 15 16 17 19 20 22 23]
[0 2 3 4 5 7 9 10 11 15 16 17 19 20 22 23]
[0 2 3 4 5 7 9 10 11 15 16 19 20 22 23]
[0 2 3 4 5 7 10 11 15 16 19 20 22 23]
[0 2 3 5 7 10 11 15 16 19 20 22 23]
[0 2 3 5 7 10 11 15 16 19 20 22]
[0 2 3 7 10 11 15 16 19 20 22]
[0 2 3 7 10 11 15 16 19 22]
[0 2 3 7 10 11 15 16 19]
[0 2 3 7 10 11 16 19]
[2 3 7 10 11 16 19]
[2 3 7 10 16 19]
[2 3 7 10 16]
[2 3 7 16]
[3 7 16]
[7 16]
[16]
[0 1 2 3 4 5 6 7 8 9 10 11 12 13 14 15 16 17 18 19 20 22 23 24]
[0 1 2 3 4 5 6 7 8 9 10 11 12 13 15 16 17 18 19 20 22 23 24]
[0 1 2 3 4 5 6 7 8 9 10 11 12 13 15 16 17 18 19 22 23 24]
[0 2 3 4 5 6 7 8 9 10 11 12 13 15 16 17 18 19 22 23 24]
[0 2 3 4 5 6 7 8 9 10 12 13 15 16 17 18 19 22 23 24]
[0 2 3 5 6 7 8 9 10 12 13 15 16 17 18 19 22 23 24]
[0 2 3 6 7 8 9 10 12 13 15 16 17 18 19 22 23 24]
[0 2 3 6 7 8 9 10 12 13 15 16 17 18 19 23 24]
[0 2 6 7 8 9 10 12 13 15 16 17 18 19 23 24]
[0 2 6 7 8 9 10 12 13 15 16 17 18 19 23]
[0 2 6 7 8 9 10 13 15 16 17 18 19 23]
[0 2 6 7 8 9 10 15 16 17 18 19 23]
[0 2 6 7 8 9 10 15 17 18 19 23]
[0 2 6 8 9 10 15 17 18 19 23]
[0 6 8 9 10 15 17 18 19 23]
[0 6 8 9 10 17 18 19 23]
[6 8 9 10 17 18 19 23]
[6 8 9 10 17 19 23]
[6 8 10 17 19 23]
[6 8 10 17 23]
[6 10 17 23]
[6 17 23]
[17]
[0 1 2 4 5 6 7 8 9 10 11 13 14 15 16 17 18 19 20 21 22 23 24]
[0 1 2 4 5 6 7 8 9 10 11 13 14 15 16 17 18 20 21 22 23 24]
[0 1 2 4 5 6 7 8 9 10 11 13 14 15 16 17 18 20 21 22 23]
[0 1 2 4 6 7 8 9 10 11 13 14 15 16 17 18 20 21 22 23]
[0 1 2 4 6 7 8 9 10 13 14 15 16 17 18 20 21 22 23]
[0 1 2 4 7 8 9 10 13 14 15 16 17 18 20 21 22 23]
[0 1 2 4 7 8 9 10 13 14 15 17 18 20 21 22 23]
[0 1 2 4 7 8 9 10 14 15 17 18 20 21 22 23]
[0 1 2 4 8 9 10 14 15 17 18 20 21 22 23]
[0 1 2 4 8 9 10 14 17 18 20 21 22 23]
[0 1 4 8 9 10 14 17 18 20 21 22 23]
[0 1 4 8 9 14 17 18 20 21 22 23]
[1 4 8 9 14 17 18 20 21 22 23]
[1 4 8 14 17 18 20 21 22 23]
[1 4 8 14 17 18 20 21 23]
[1 8 14 17 18 20 21 23]
[1 8 17 18 20 21 23]
[1 8 17 18 21 23]
[1 8 18 21 23]
[1 18 21 23]
[1 18 23]
[18]
[0 1 2 3 5 6 7 8 9 10 11 12 13 15 16 17 18 19 20 21 22 23 24]
[0 1 2 3 5 6 7 8 9 10 11 12 13 15 16 17 19 20 21 22 23 24]
[0 1 2 3 6 7 8 9 10 11 12 13 15 16 17 19 20 21 22 23 24]
[0 1 2 3 6 7 8 9 10 11 12 13 15 16 17 19 20 21 22 23]
[0 1 2 3 6 7 8 10 11 12 13 15 16 17 19 20 21 22 23]
[0 1 2 3 6 7 10 11 12 13 15 16 17 19 20 21 22 23]
[0 1 2 3 6 7 10 11 12 13 16 17 19 20 21 22 23]
[0 1 2 3 6 7 10 11 12 13 16 17 19 20 22 23]
[0 1 2 3 6 7 10 11 12 13 16 17 19 20 23]
[0 1 2 3 7 10 11 12 13 16 17 19 20 23]
[0 1 2 3 7 11 12 13 16 17 19 20 23]
[0 1 2 3 11 12 13 16 17 19 20 23]
[0 1 2 3 11 12 13 17 19 20 23]
[0 1 2 3 11 12 13 19 20 23]
[0 1 2 3 11 12 13 19 20]
[0 1 2 11 12 13 19 20]
[0 1 2 11 12 13 19]
[0 1 11 12 13 19]
[0 1 11 13 19]
[0 1 11 19]
[1 11 19]
[19]
[0 1 2 3 5 6 7 8 9 10 11 12 13 14 15 16 17 18 19 20 21 22 23]
[0 1 2 3 5 6 7 8 9 10 11 12 13 14 15 16 18 19 20 21 22 23]
[0 1 2 3 5 6 7 8 9 10 11 12 13 14 15 16 18 19 20 21 23]
[1 2 3 5 6 7 8 9 10 11 12 13 14 15 16 18 19 20 21 23]
[1 2 3 5 6 7 9 10 11 12 13 14 15 16 18 19 20 21 23]
[1 2 3 5 7 9 10 11 12 13 14 15 16 18 19 20 21 23]
[1 2 3 5 7 10 11 12 13 14 15 16 18 19 20 21 23]
[2 3 5 7 10 11 12 13 14 15 16 18 19 20 21 23]
[2 3 5 10 11 12 13 14 15 16 18 19 20 21 23]
[2 3 5 10 12 13 14 15 16 18 19 20 21 23]
[2 5 10 12 13 14 15 16 18 19 20 21 23]
[2 5 10 12 13 14 16 18 19 20 21 23]
[2 5 10 13 14 16 18 19 20 21 23]
[2 5 13 14 16 18 19 20 21 23]
[2 13 14 16 18 19 20 21 23]
[2 14 16 18 19 20 21 23]
[2 14 16 18 19 20 21]
[2 14 16 18 19 20]
[2 14 18 19 20]
[2 18 19 20]
[2 19 20]
[19 20]
[20]
[0 1 2 3 4 5 6 7 8 9 10 11 12 13 14 15 16 17 18 19 20 21 22 24]
[0 1 2 3 4 5 6 7 8 9 10 11 12 13 14 15 16 18 19 20 21 22 24]
[0 1 2 3 5 6 7 8 9 10 11 12 13 14 15 16 18 19 20 21 22 24]
[0 1 2 3 5 6 7 8 9 10 11 12 13 15 16 18 19 20 21 22 24]
[0 2 3 5 6 7 8 9 10 11 12 13 15 16 18 19 20 21 22 24]
[0 2 3 5 7 8 9 10 11 12 13 15 16 18 19 20 21 22 24]
[0 2 3 5 7 8 9 10 11 12 13 15 18 19 20 21 22 24]
[0 2 3 5 7 8 9 10 11 13 15 18 19 20 21 22 24]
[0 2 3 5 7 8 9 10 11 13 15 18 20 21 22 24]
[0 2 3 5 7 8 9 10 11 13 18 20 21 22 24]
[0 2 3 5 7 8 9 10 13 18 20 21 22 24]
[0 2 3 5 7 9 10 13 18 20 21 22 24]
[2 3 5 7 9 10 13 18 20 21 22 24]
[2 3 5 7 10 13 18 20 21 22 24]
[2 3 7 10 13 18 20 21 22 24]
[2 3 10 13 18 20 21 22 24]
[2 3 10 13 18 21 22 24]
[3 10 13 18 21 22 24]
[10 13 18 21 22 24]
[10 13 21 22 24]
[13 21 22 24]
[13 21 22]
[21 22]
[21]
[0 1 2 3 4 5 6 8 9 10 11 12 13 14 15 16 17 18 19 20 21 22 23 24]
[0 1 3 4 5 6 8 9 10 11 12 13 14 15 16 17 18 19 20 21 22 23 24]
[0 1 3 4 5 6 8 9 10 11 12 13 14 16 17 18 19 20 21 22 23 24]
[0 1 3 4 5 6 8 9 10 11 13 14 16 17 18 19 20 21 22 23 24]
[0 1 3 4 5 6 8 9 10 13 14 16 17 18 19 20 21 22 23 24]
[0 1 3 4 5 6 8 9 10 13 14 16 17 18 19 21 22 23 24]
[0 1 3 4 5 8 9 10 13 14 16 17 18 19 21 22 23 24]
[1 3 4 5 8 9 10 13 14 16 17 18 19 21 22 23 24]
[1 3 4 5 8 10 13 14 16 17 18 19 21 22 23 24]
[1 3 4 5 8 13 14 16 17 18 19 21 22 23 24]
[3 4 5 8 13 14 16 17 18 19 21 22 23 24]
[3 4 5 8 14 16 17 18 19 21 22 23 24]
[3 4 5 8 16 17 18 19 21 22 23 24]
[3 4 5 8 16 18 19 21 22 23 24]
[3 4 5 8 16 18 21 22 23 24]
[3 4 5 16 18 21 22 23 24]
[3 4 5 16 21 22 23 24]
[3 4 5 16 21 22 23]
[4 5 16 21 22 23]
[4 5 16 21 22]
[4 5 21 22]
[5 21 22]
[22]
[0 1 2 3 4 5 6 7 9 10 11 12 13 14 15 16 17 18 19 20 22 23 24]
[1 2 3 4 5 6 7 9 10 11 12 13 14 15 16 17 18 19 20 22 23 24]
[1 3 4 5 6 7 9 10 11 12 13 14 15 16 17 18 19 20 22 23 24]
[3 4 5 6 7 9 10 11 12 13 14 15 16 17 18 19 20 22 23 24]
[3 5 6 7 9 10 11 12 13 14 15 16 17 18 19 20 22 23 24]
[3 5 6 7 9 11 12 13 14 15 16 17 18 19 20 22 23 24]
[3 5 6 7 9 11 12 13 14 15 16 17 18 19 20 22 23]
[3 6 7 9 11 12 13 14 15 16 17 18 19 20 22 23]
[3 6 7 9 11 12 13 15 16 17 18 19 20 22 23]
[3 6 7 9 11 12 13 16 17 18 19 20 22 23]
[3 6 7 9 11 12 13 17 18 19 20 22 23]
[3 6 7 9 11 12 13 17 18 19 22 23]
[3 6 9 11 12 13 17 18 19 22 23]
[3 6 9 11 12 13 17 18 19 23]
[3 6 9 11 13 17 18 19 23]
[6 9 11 13 17 18 19 23]
[6 9 13 17 18 19 23]
[6 9 13 17 18 23]
[9 13 17 18 23]
[9 13 17 23]
[13 17 23]
[17 23]
[23]
[0 1 2 3 4 5 6 7 8 9 10 11 12 13 15 16 17 18 19 20 21 22 23 24]
[0 1 2 3 4 5 6 7 8 9 10 11 12 13 15 16 17 18 19 21 22 23 24]
[0 1 2 3 4 5 6 7 8 9 10 11 12 13 15 17 18 19 21 22 23 24]
[0 1 2 3 4 5 6 8 9 10 11 12 13 15 17 18 19 21 22 23 24]
[0 1 2 3 4 5 6 8 9 10 11 12 13 15 17 18 21 22 23 24]
[0 1 2 3 4 5 6 8 9 10 11 12 13 15 17 21 22 23 24]
[0 1 2 3 4 5 6 8 9 10 11 12 15 17 21 22 23 24]
[0 1 2 3 4 6 8 9 10 11 12 15 17 21 22 23 24]
[0 1 2 3 4 6 8 10 11 12 15 17 21 22 23 24]
[0 1 2 3 4 6 10 11 12 15 17 21 22 23 24]
[0 1 2 3 4 6 10 11 12 15 21 22 23 24]
[0 1 2 4 6 10 11 12 15 21 22 23 24]
[0 1 4 6 10 11 12 15 21 22 23 24]
[0 1 4 6 10 11 12 15 21 22 24]
[1 4 6 10 11 12 15 21 22 24]
[4 6 10 11 12 15 21 22 24]
[4 6 10 11 12 15 21 24]
[4 10 11 12 15 21 24]
[4 10 12 15 21 24]
[10 12 15 21 24]
[10 15 21 24]
[10 21 24]
[24]