[0 1 2 3 4 5 7 8 9 10 11 12 13 14]
[0 1 2 3 4 7 8 9 10 11 12 13 14]
[0 2 3 4 7 8 9 10 11 12 13 14]
[0 2 3 4 7 8 9 11 12 13 14]
[0 2 3 7 8 9 11 12 13 14]
[0 2 7 8 9 11 12 13 14]
[0 2 7 8 9 11 12 14]
[0 2 7 9 11 12 14]
[0 2 7 9 11 14]
[0 7 9 11 14]
[0 9 11 14]
[0 9 14]
[0 14]
[0]
[0 1 2 3 4 5 6 7 8 10 11 12 13 14]
[1 2 3 4 5 6 7 8 10 11 12 13 14]
[1 2 3 4 6 7 8 10 11 12 13 14]
[1 2 3 6 7 8 10 11 12 13 14]
[1 2 3 6 7 8 10 11 12 13]
[1 2 3 6 8 10 11 12 13]
[1 2 3 6 10 11 12 13]
[1 2 3 6 11 12 13]
[1 2 6 11 12 13]
[1 2 11 12 13]
[1 11 12 13]
[1 12 13]
[1 13]
[1]
[0 1 2 3 5 6 7 8 9 10 11 12 13 14]
[0 1 2 3 6 7 8 9 10 11 12 13 14]
[0 1 2 3 6 7 8 9 10 11 12 14]
[0 1 2 3 6 7 9 10 11 12 14]
[0 1 2 3 6 9 10 11 12 14]
[0 1 2 6 9 10 11 12 14]
[0 1 2 6 9 11 12 14]
[0 1 2 9 11 12 14]
[0 1 2 9 11 12]
[1 2 9 11 12]
[1 2 9 12]
[1 2 12]
[2 12]
[2]
[0 1 2 3 4 5 6 7 8 9 11 12 13 14]
[0 1 2 3 4 5 6 7 8 9 11 12 13]
[0 1 2 3 4 5 6 8 9 11 12 13]
[0 1 2 3 5 6 8 9 11 12 13]
[0 1 2 3 5 6 8 9 11 12]
[0 1 3 5 6 8 9 11 12]
[1 3 5 6 8 9 11 12]
[1 3 5 6 8 11 12]
[3 5 6 8 11 12]
[3 5 6 8 11]
[3 6 8 11]
[3 6 8]
[3 6]
[3]
[0 1 2 3 4 5 6 7 8 9 11 13 14]
[0 1 2 3 4 5 6 7 8 9 13 14]
[0 1 2 3 4 5 6 8 9 13 14]
[0 1 3 4 5 6 8 9 13 14]
[0 1 4 5 6 8 9 13 14]
[0 1 4 5 6 8 13 14]
[0 1 4 5 6 8 14]
[0 1 4 5 6 14]
[1 4 5 6 14]
[1 4 5 14]
[4 5 14]
[4 5]
[4]
[1 2 3 4 5 6 7 8 9 10 11 12 13 14]
[1 2 3 4 5 6 7 8 9 11 12 13 14]
[1 3 4 5 6 7 8 9 11 12 13 14]
[3 4 5 6 7 8 9 11 12 13 14]
[3 4 5 7 8 9 11 12 13 14]
[3 4 5 7 8 9 11 13 14]
[3 4 5 7 8 9 13 14]
[3 4 5 7 8 9 14]
[3 4 5 8 9 14]
[3 4 5 8 14]
[4 5 8 14]
[5 14]
[5]
[1 2 3 4 5 6 7 8 9 10 12 13 14]
[1 2 3 4 5 6 7 8 10 12 13 14]
[1 2 3 4 6 7 8 10 12 13 14]
[1 3 4 6 7 8 10 12 13 14]
[1 3 6 7 8 10 12 13 14]
[1 3 6 7 8 10 12 13]
[1 3 6 7 8 12 13]
[1 3 6 7 12 13]
[3 6 7 12 13]
[3 6 7 13]
[3 6 7]
[6]
[0 1 2 3 5 6 7 8 10 11 12 13 14]
[0 1 2 5 6 7 8 10 11 12 13 14]
[0 1 2 5 6 7 8 10 12 13 14]
[0 1 2 5 6 7 8 10 13 14]
[0 1 5 6 7 8 10 13 14]
[0 1 5 6 7 10 13 14]
[0 1 5 6 7 13 14]
[0 1 5 6 7 13]
[1 5 6 7 13]
[5 6 7 13]
[6 7 13]
[7 13]
[7]
[0 1 3 5 6 7 8 9 10 11 12 13 14]
[0 1 3 5 6 7 8 10 11 12 13 14]
[0 1 3 5 6 7 8 10 11 13 14]
[0 1 3 5 6 7 8 10 11 14]
[1 3 5 6 7 8 10 11 14]
[1 3 5 6 8 10 11 14]
[1 3 5 6 8 11 14]
[3 5 6 8 11 14]
[3 5 8 11 14]
[3 5 8 14]
[3 5 8]
[3 8]
[8]
[0 1 2 3 4 5 6 7 8 9 10 11 12 13]
[0 2 3 4 5 6 7 8 9 10 11 12 13]
[0 2 3 4 5 6 8 9 10 11 12 13]
[0 2 3 5 6 8 9 10 11 12 13]
[0 2 3 5 6 8 9 11 12 13]
[0 2 3 5 6 9 11 12 13]
[0 2 3 5 9 11 12 13]
[0 3 5 9 11 12 13]
[0 5 9 11 12 13]
[5 9 11 12 13]
[9 11 12 13]
[9 12 13]
[9 13]
[9]
[0 1 2 3 5 6 7 8 9 10 11 12 13]
[0 1 2 5 6 7 8 9 10 11 12 13]
[0 1 2 6 7 8 9 10 11 12 13]
[1 2 6 7 8 9 10 11 12 13]
[1 2 6 7 8 10 11 12 13]
[1 6 7 8 10 11 12 13]
[1 6 7 10 11 12 13]
[1 6 10 11 12 13]
[1 6 10 11 13]
[1 10 11 13]
[10 11 13]
[10 11]
[10]
[0 1 2 3 5 6 8 9 10 11 12 13 14]
[0 1 2 3 5 8 9 10 11 12 13 14]
[0 1 2 3 5 8 9 10 11 12 14]
[0 1 2 3 5 8 9 10 11 14]
[0 1 2 3 8 9 10 11 14]
[0 1 2 3 8 9 10 11]
[0 1 3 8 9 10 11]
[1 3 8 9 10 11]
[1 3 8 10 11]
[1 3 10 11]
[1 3 11]
[3 11]
[11]
[0 1 2 3 4 5 6 7 8 9 10 11 12 14]
[0 1 2 3 5 6 7 8 9 10 11 12 14]
[0 1 2 3 5 6 8 9 10 11 12 14]
[0 1 2 3 5 6 9 10 11 12 14]
[0 1 2 3 5 6 9 10 12 14]
[0 1 2 3 6 9 10 12 14]
[1 2 3 6 9 10 12 14]
[1 2 3 6 9 12 14]
[1 2 6 9 12 14]
[1 2 6 12 14]
[1 2 12 14]
[1 12 14]
[12 14]
[12]
[0 1 2 3 4 5 6 7 8 9 10 11 13 14]
[0 1 2 3 4 5 6 7 8 9 10 11 13]
[0 1 2 3 5 6 7 8 9 10 11 13]
[0 1 3 5 6 7 8 9 10 11 13]
[0 1 5 6 7 8 9 10 11 13]
[0 1 5 6 7 8 9 10 13]
[1 5 6 7 8 9 10 13]
[1 5 6 7 9 10 13]
[1 6 7 9 10 13]
[1 6 7 9 13]
[1 6 7 13]
[1 7 13]
[13]
[0 1 2 3 4 5 6 7 8 11 12 13 14]
[0 1 2 4 5 6 7 8 11 12 13 14]
[0 1 2 4 5 6 7 8 11 12 14]
[0 1 4 5 6 7 8 11 12 14]
[0 1 5 6 7 8 11 12 14]
[0 1 5 6 7 8 12 14]
[0 5 6 7 8 12 14]
[0 5 6 8 12 14]
[0 5 8 12 14]
[0 5 12 14]
[5 12 14]
[14]