-3015093559597423248
70603672824202881
-967903242906023050
6902854371820767052
-253955367780832940
-8029603016882430007
3499356356034997640
3637097666283472219
3946884842350154926
4946223095614861492
458455358358381623
-2265149210681362001
-9184405938394112935
7579809914321198172
-5039054374052096698
8675466263935836
-385598862450213984
3538802082252616559
-8969954589806616533
7529465312146347083
8173652308180111043
2979475671069889199
5300490629524660369
7979755942929008566
8707030792641936761
-1292335859616312976
-3855302375018839850
8218826493388122286
7553114918616888681
-8910380182544744419
-6127436613862957939
-9163754099697860459
-2846049005512330064
-3949108851641076045
4528293249652880126
-7984055630445541980
-3266195684018346914
-225306229341441213
1266352514722209
-9055216420166295194
-2112763626677746952
-8088307777944139659
-8138068073676005721
-2473682802262374597
4962342275925303032
-268244796486607872
-3880304202843370639
1864319079700994774
-433203678307425976
-6359321021779184333
-87412722018896106
-913656553354762560
4130588993632823243
8785971642484120431
8874708810742020322
5209502321278034643
-4509530355867357227
1857893028238951595
-3732471041296364847
-3946324076477969729
-3195432840695852883
-8951712922858056721
-4204557086797894632
-5211975714558180216
4258668337053861394
-249417963346679847
700982902251656093
-2249701576938645754
-7254614918732690765
4105460205370423579
2753391107651039866
-386815722848931741
7501856485902385846
-945593490723485446
-8864248255404915074
-8247583100945777503
6003728816108074546
559957302049857489
6802132861967760555
-7122566665761027054
-5601490570955203660
-5936739002032792692
-7782081162444971079
6279687080935754206
6366994435241587390
4567697470812818990
-2705359933161361774
2859443632657089152
-6271764917192790461
-6780771713429623733
-2182061723272558892
-5333638817607534007
3357490316033552173
5127528869050387342
4237535673702477650
8479176742807081948
-2736830700660470056
7297966323445575989
-7874346121094842733
-6068359031510399312
2869967999777274260
845900714389385360
8814297594285341010
37105042601911698
-3492907383711590106
6943721982432270725
6577082715468739836
-492713316163586784
5423539396912336711
8322583364172560143
7662479738146122293
-10384192983084466
8915264127174033444
-3952939657416319558
6888532190796631891
-1083602982293264155
-1746204328530973476
-1511072519679669719
9039618222846055137
-9201733424484812289
-7213601529329820155
1581946740185665425
-618883936983323106
3066407290024866445
8763093289243418152
6543000331197781563
1878593705351235452
-3349848746011766319
-2648244317432282048
6491433892326844933
-5926086163809688287
-7781985090210439196
-3689246170765767105
1654836656657799394
-1314860877308727447
-1390743711613209551
-4692460011079660662
4396844798600225110
1591282032789455714
-6548667295744783368
-8874091668688840840
-7329556881354460934
-412548946959919794
-5440329218567474996
-6653377671376247850
9028890918334952190
5733839006797390629
-5446577580580049131
8293687881203569510
2104653949956484770
6160710012054386448
3404366327895399567
6286363251781166171
3464803583905461692
5748283481043122671
-5841142658840006967
7246910620745427678
6493223267390333749
-3099927689614289452
2062389057568465320
1509832962231180173
3334683547650566540
5581964144545097862
-5475441327904330271
5786405122564335094
1126457820597236049
2188310710239528447
-8666822601348427902
-1163612400161579231
6943589725897787307
-1959499589868385554
6186253681421589609
1096194064776379395
1310242468148321491
-3059146325034975434
3926779236618382027
-959587164744197108
-2750800009966726505
-3621559672447645587
-9218363165759813713
467490658979505050
-173818381367239976
-2194554368540824482
1697637014116515185
9144542116404913795
-774133952535927284
4443931067835130759
4978394646484363839
7888544667758895760
-2892013922051104324
88829546614307740
1112920609974462111
-5496514714758067716
-2156614194250512633
5577504198483233282
1400201504328006631
1736501475665485305
3901992162411346206
2937093738458328661
-4165177103472186684
-1865341144231716565
6115848334379365318
-263468365662755614
1434077139640549812
-1240644120396207573
-5421638049012413991
6973129241918040366
6224425941839905676
8280708644562238981
5438526578124878789
-6198614261641189267
-5644879428640481806
8999863233562598074
-3214615486572286453
2333538687683150859
-109378691906195485
8350928790823668159
1551312767198144449
2204975750260679719
-8272522086337191889
4519605739221373564
-8757849934401421039
6552511737964452371
3868320493987546104
2364224664065803471
1357019857367882168
8958554001798386390
6569300749060281655
-7500390402412997754
1052829411480678279
-5009060681944311382
-4247885759348328137
-1904605918311743768
-2864280494432645914
-5667675605261587842
8082298743639758616
-7242310418741391571
-1779029494562896052
-4604161406865517452
-4173290766219592115
8525163195047730945
-6032259291190358584
4933862700145110116
-408103138190844642
1035544669113038341
-2476327441710086277
-4402451928490307752
-6362838870608279769
7678891309904081742
-8337569013132312036
-7715372465566255858
3020811739589233623
5573570391124658148
-6905834516798836622
493369065356317305
-7310348299450147598
2911473566321967428
3122164354236053726
-1843245808121852864
-3915034902470785776
-24169042742008865
6415562813308064718
7228949427239467326
416642066261388828
2926030926248514969
-7231418107930330549
-3281331703520283392
586290580415838165
-4680447441984055221
2531408247414891628
4141784827001963082
-1933895373441638832
-2532943663725095871
-7795382080455632928
-578172318437818990
8279842272090861684
2181697066243633852
7739388172872337001
-7037565627820744828
3573198835394778748
-4546604518340949904
-9185235732519814053
154918539524771708
7253365657232533625
-5239650489061765112
-8116982385431355615
1487245371741423119
-5403695541076601650
6907430195859502238
-3172293623854924871
6886304741915017090
7434296111043499698
3007547246463167555
5304996592136856883
3207835635176062545
-1533409953511736143
6222470786691359357
4894364244984341301
4798845516204219818
5344324349391404843
3686518890862326467
-4773536293681057670
-2964338731462773777
-3670806004611373356
-7290973660114357501
-1772317256476440242
-4319212079662791368
-1145949199783263438
5301005880884645405
3753400842233039380
6809593799515030991
-5657944040037617373
-7728853493460013466
7281737657699294656
4693709500745690290
1281240380641341780
7033006786481748006
-2969652883313705890
4693789479960548884
-7779175624280322358
-3750332783456431078
-6695007565992576631
5590404828863788508
8787874999028585821
-3947683656768173582
72559784438178548
6992492660745378340
8305065124516649016
4101575314097269460
-6202986416678637851
-3231543371045421637
8770095778448033883
4598964616737410007
-1065662863801337163
5224290657191815844
-7108710609799046375
9154999782704418953
-6167797309721634479
3988316468423142549
-7580395571482640230
-5403069222078495382
-1179891989839793732
8652578104074900345
1145582683605592666
-7348047804552246673
6396712991823965579
-6889409166427290130
-5412988515236421208
6251978486572748160
4167279992109365095
-534671136404315192
5396123299766021672
-4097374997080353542
946177233330489743
-5586436451115009908
4221864313972100178
-2872777965055419859
4936173853590785107
-6209414951592673802
4042905206328538097
-5501395118397590562
6533090188740658330
6793908753708478067
-895856433162719580
1840083020561879239
2613825421349999197
517389192681023399
575766500906958432
4120319263268946451
1041356358836010793
-7365002553676997399
-5741178815720827924
-7242613507856132638
3369657575510826145
6544964989126597058
2652576424375293283
3535492623037120971
-4112805406308568326
2037725630875800690
-1943240843693263690
7268652107730591061
2646431788409569150
-7432570684151721877
-7113064543507327448
2866838312112548988
-7712485522029051126
8551876245086998740
-4022156910921103664
5024677569877342771
8528318232477524111
6559748683659565831
-6372874477244759270
-476912854173187364
6317399285124434836
2388404886135294227
-5609789734706655930
-6948646235707478319
8265657349179721394
-5299054442156970950
2131596029108868072
-6925746155802403617
-4344865019296042473
6261009807807479668
-4709578614822934426
2029645322273062086
8308600464580176388
-2027293995317696021
1433071104437732733
-4843944645334812230
5140256626543490383
-2788317975246728835
-1077960139675032131
-293553684524256027
6112341856472499170
-882347470845788866
-1459367448544777720
-6453174738525155357
4331542149227576634
-912221579593201677
6674560182196146199
-1966596628629420220
-3603986022137438488
525317295367545495
-9099413448406992651
192651203421363469
1668213968543083284
6207292239142823642
1276312880808656770
6499930248017154871
8468538740876617461
-4111666723166520931
6456281426382315249
3973498820607211055
-8568373315604141734
-6343507986499682953
-3412875961952802486
5247157852734420820
-8621026690433107676
1145136738692715827
-1676151868667163159
4102909334056949629
-4707319883983897655
-2425375482498288048
-4346223765448937475
5480785373852442992
-4550126718776740909
1242511465276427135
6901819714005355786
-8929105414480235412
3673280884865732447
-4862353348918909143
-4549090768658009241
-7388677037436428640
-3440762305927051617
5904384179118441959
-7726652096614790975
4905756377572050865
-4303256597553165736
1094167671165886728
-3125756399610044266
-5116239616305599688
5420371624448868965
6376597351909445902
-1249981773017177413
-686126630797122750
-247221800932729806
9108474155206180913
1611441062497190359
8361547803695137486
1916043454262274369
-1336047284970951462
8299121460253409765
1184691823657893971
-4706295092790489687
1073006504102132777
574344907350052534
-6643193003813867465
-4528492677949718894
3579832212230691952
6352802262677856877
8095430344848772953
-3954208711377497926
-6090075435700881482
81518471300267009
-4010319492972798584
553812801300666099
93644760723404342
-5100803531385969218
-6601101577860855799
-4651480750807773022
5759365853176598749
7464476842733702084
-7997189541016984555
-2302328664321972158
6667682747220718543
5962003825130857095
5707889040558799192
-6098157370807893537
-5915617552630353694
-5383586501037384371
-4647427403519992716
-8036677104232605284
-3515664319790955999
7165932385282225331
3713154309826992508
2771794627200741933
7301669221409692746
-8258881954674180823
1032941077686709881
8642371321708565341
1159081414855315793
1525506311899762033
-5779137302470060568
-7096535274628867958
2948887261824271067
7002865524202632484
282332477662273850
-233548648437543132
5829854085210383556
1017116429079364397
-5557289700080934061
6809724060245058865
7496180826864652185
7345321652436655179
-2659186136610526452
8520157811763029964
-558418839524482273
827736629886886291
8266331274021424562
7079721743232242082
6249087438345074890
-2554990020436793620
-1569765675088969340
2487405693437454707
-4745954403089078714
-6448305143187932782
7931153673255438392
193552212393767063
7866138543655653362
-1431100494884833644
3581757359784601974
8757184804313096566
7233611984665365344
-6568402822232903338
-9066490546462130852
1063744136481701391
-5243628463697014313
-8028225204311627248
-346530546831751432
7934737773271363186
-8952214494076910895
8457701245134050380
2129052321316396753
-1368282491599409338
-8257506049133513091
6761200820738321772
-5614085641526530721
7946568389193584708
2800931580093784126
-5014558066326592735
-2834520435260213874
-4774678689300823367
-8074963524261756630
1814002762622880245
6827880108531986240
3716353992550823944
3157686761457887883
163194507143930819
-160694266145738296
-5918934604063649754
-196648163199725470
7596606185983129145
7863428019957427823
-5430876151678216164
-6509125565109556257
1097772010871386461
-3988801487708390670
-1486213100242380663
-4847599458562740758
2229089106703918597
-6349720165466248190
-3974921746123262946
-5289195743839141474
5761251671010184285
7450252714709548995
-1405542801578584544
-5299168051204923704
-3131336563911878043
-7990260490016417715
5702853353230135529
-7212925350677123988
7576975344460786289
379269555012585006
-404502323275641754
5885929882968929089
-1556749896300957273
-9112547096703524121
-1655812952126675814
-1967572241670168528
-1023190677951478140
7527812889547733866
3500706109473495066
3614070931171088088
1992844003785619288
3976923691381377699
-7309860754994026864
895010915579433997
-4420981949985230651
-1438727038395186196
7062533965751861049
-8219946259732193195
3467354335039714372
-4852700406086881898
-2256967203198591130
-1001289948664393110
8801047919885786784
-2403453909626696857
-7732579365168217857
-5450585673730219590
-8452196181533524360
-3328816279898187497
1048104874258864379
-1918254386238994198
1566924021315648193
-8104067383715359534
362041047233684969
-6959774544975136689
-7650079414711629502
4543404609415436729
219847832361160298
4775871850663647347
-4492142974025272041
-7900718871638193568
-2176616389741080652
-6326739383794475882
5673169807123789103
-4890128203078071470
-8684015614121149423
-3113281763727350486
4604253558812201678
223538131017420168
3583768418917845342
-5204024481530662314
8111351229256130571
6008959874110122230
-1705595556569862260
9021450465600398965
-8662156602394640813
-3241313928678422785
-7797090093041248477
-8267672498406827884
38390204138616036
7678621468862913787
-7407595823813453894
-3593731483768555785
9140834722380486483
7460506282924373688
-3818726283207539072
-998557378208138860
4307659418093976583
-2729609950582271754
-798888498538883914
-7101827355430755178
-1435580012027772229
1457640160666878954
5117180321218395699
-727150091725055269
2901830861457173248
-4893387257678316100
7690137677001902047
-4550786085660966793
472725918755011256
4091406478554647817
1891556725942373944
-8507894689534857937
5296128362585961629
-2636179362372387999
-6221288834899745840
8017311863551897343
4653485223061855928
861779488509114314
1060577951217172428
1627664630330907797
4187679402664892650
-1382937571649138373
-7273645215533925273
-122886106368045
3460710818945844070
6674613652093862178
-3858386048301308563
-2111472899835633583
3130464419710858549
-422471603046791713
4407156261944399552
46764683231106520
-5387143848589802831
-3332643871814349498
3790744793114700503
7361994510024870632
-8367601208624589814
-6245546005644857567
-5841285690593461958
-2681552464216258765
-4523719494663992380
8244728557116667820
-8346576654816189177
-2237185843459761632
6137185617314839863
5170954738820874775
-145888493779862672
-9050227405267460791
6648315562957157134
9144526959787090696
-2209615123459431877
-3512880784620828931
-4349850258214500920
-4379287004991020266
-8677930496225012159
-1864230787705893698
-3606875825116462534
-2037654143471417009
-2123918236966618641
1439062658415498692
8588944719148113932
-480298580720798285
-150900211385355320
1888362994217516409
541972256560515127
-3481020332831142986
3315811410424306912
-973766237766474245
4566601498031205261
468586464732867778
7091481089540505442
8591974417510161054
-5640636958756050639
3894309957419729587
-7404324107642018548
3503262820018471527
1378623281460315418
9037089182577121881
-8772959953460103762
2716042259173450385
9144908230536113813
5009917288706035193
2214216642806064559
-438782708150079220
-747824084852894016
-5763472839114637363
-2167180281376738168
-3517432548109175047
-6724939466785990896
2127133867662517375
7179978923940477766
6713472245272199983
-3975919364312520756
8287978424804007346
-3094057867855983860
7963577592345144506
-8088325420399860081
5345451085082682489
434197652287953807
9025077744715638102
5697632459848477898
354966549253997534
-6967068262980122216
8609283055069502456
6730940168712959551
-3415141647262096547
2639951780388676998
-3593577789810987194
-2560046535914760313
112873070872142182
-6672518630479621687
-3500153796196634598
8442562449371874446
-3172159917526303266
-3354762891045506712
-631205045508705277
8734669506752669457
-8420092144773327714
-4229349603545913732
5737233815640553411
7631683070289020199
2073562270314637299
6900022703674908851
3751137363915133394
8486854400932968373
1284518761409313564
-821525808036660274
-3867482734355647271
1834002354500579576
790323765041052880
-4683280483218411997
5473839612387213880
-5620669033384078592
7118604533532803509
3740161867137091355
-3769215115250275198
8747873824539383343
-4883871592863084822
5991683194377223605
8818523915623410172
1734365304688656317
-1739400587876060034
-5871510618172731647
-8116198743633791199
-5729541094279256009
8009152172580354038
-307121232402551642
-2294629652438439648
894381825455608316
4655350236158480075
-5970598577041048738
-2023817944087080868
6718805704702037951
7821333460479125737
4222141997594337652
6284947530599328491
-3211594192396731640
-7063631179824166094
8848360407612073293
-793967965073447144
3104918334198839987
-25350111127766535
-6112951044596605988
-4501917130294200862
3326583844925036911
-8543669463380741240
-8442683646615001301
3835001964991131002
1643701973082762303
5075752733273881242
4286992091063256281
3185500076427934665
-5848067854431860483
46636599374721249
8151345220527893655
-2234195505154168600
245989972092243154
-2095546252797853311
-2894433154975449430
6922969530384951717
-8769619110805654848
1055050611844144019
9032438666350625388
-3254715377487281659
-9195739045448484328
-2996290606105494365
8783983108799395019
-5166184632951670852
-3796732829762544380
5440480603467860787
755419309285402313
-6725543225197013833
-2138029847990200578
1148343668014661942
-3689486798187205638
6372546114285271443
8993692924755852119
-1471312797373684075
-3216651798451939063
5246976144851468323
1082129111174372273
8537014744449014702
-2988960981867195853
1918782234221227501
-4611774929243816315
5132522241466921936
-2491551444246992438
-4772659733889534291
-7075920708770699874
8675479426274860992
6352337953858571955
-3518593927439495470
1968494094539957404
289898074595551286
-3848161121336685847
5740868994062028284
3273977476417423219
7551591905135605857
-3047642490074770952
-6465913737323929212
-5810364917595764503
5226928216639453279
-6679689573634547838
-6437774309220495628
1173173286052206875
3740206893047084998
8541324241024771518
-2515222464761674102
-5861618996428966920
-6657652753914501090
7610070159472413684
-5700939003037497926
-5771285384956983355
3708539803121690469
3421546113331510530
511857334278326697
-7689340120923722857
-8062489220293191031
472079800974181850
-1199550476808515149
5265860320633873884
3183526060056795121
-1757807798694919167
-8314800711586795035
-2196051297508719917
-4735288621265231371
7100189445233992722
-2557367814412405373
-2224208918592865521
-4818383899132612255
-8607159937603473351
4008681436568703364
5635512978447575544
-8392237099801309194
-5048301257563558215
7320220221881100049
-7655908091358391223
-3873847670469082391
3141262038321959014
-1728615705940126198
-3449260132129276269
5892122299235665251
9139333036187938604
-5783576576390094976
-6332032533300227143
-6144559900920491265
-3149714266943611770
-4051025832041703364
-2936261403038065806
8593271549106651726
6400431216359325703
-6780823351083439305
-1982120178984795957
2637471730840547158
7622572002459125205
-7435262241854280672
-7723604949893224286
7492370371103553039
1445936817627897128
-1408038291418383911
5122846902810630188
9090579008482409701
-2322899334492748080
-811840747018899206
5142587163711761263
-2196166252714963143
-8041406717139668051
-8670197045812367795
-36185776093373495
3349345375957223392
-4609491761484893388
-7488449106922151600
-3626832427921697177
4213496565795441570
118401936062034417
-2172744973869224266
3698406674225783503
-721110288987647044
-8809792309874882561
1278791752333501158
105512572814514519
-8190888220745447329
1296020772324710290
3909910832190682235
2404148435522726315
7492551911126149934
8881853993543580525
8049593284978759362
-7264080886043397813
-654319114242682428
-5218185788767304340
-4185498259546301377
-8785961618265939446
3326672817293029420
842154128950299900
-4469561166007162584
-6951002684190066544
4349574106459812711
-3585396031247938146
-1514021721918704152
7095173109285683929
-8121920839891653654
-5117042631262186136
-8300315686614441570
-7500567444372834636
-6592224526759311331
-4159725582729870461
4618389806525469851
-8760692374338168762
120409281080221405
2867044007964513966
-8987262522568527128
1642707855635607684
-3822744802359162374
-470952096956003399
6072716783212469949
9175460286611166140